Id	Ctrl1	Ctrl3	Ctrl4	RNAi1	RNAi3	RNAi4	norm.Ctrl1	norm.Ctrl3	norm.Ctrl4	norm.RNAi1	norm.RNAi3	norm.RNAi4	baseMean	Untreated	RNAi	FoldChange	log2FoldChange	stat	pvalue	padj	dispGeneEst	dispFit	dispMAP	dispersion	betaConv	maxCooks
FBtr0112994	60	23	60	8888	5003	5276	31	34	84	4543	6877	6544	3019.02	50	5988	123.25	6.945	24.627	6.4451382937491e-134	5.81029217181481e-130	0.0938	0.0277	0.0463	0.0463	TRUE	NA
FBtr0073426	549	268	262	4784	2222	2631	284	401	369	2445	3054	3263	1636.16	351	2921	8.348	3.061	21.888	3.4038485177109e-106	1.53428471935819e-102	0.0012	0.0295	0.0124	0.0124	TRUE	NA
FBtr0340240	529	102	102	5508	1146	1066	273	153	144	2815	1575	1322	1047.08	190	1904	9.973	3.318	19.459	2.466982147635e-84	7.41328135364317e-81	0.0064	0.0317	0.0172	0.0172	TRUE	NA
FBtr0301964	145	145	135	1290	1126	1369	75	217	190	659	1548	1698	731.24	161	1302	8.243	3.043	17.932	6.66658666821917e-72	1.20198557627992e-68	0.003	0.0344	0.0168	0.0168	TRUE	NA
FBtr0342810	333	94	91	4643	1449	1090	172	141	128	2373	1992	1352	1026.32	147	1906	12.909	3.69	16.838	1.27442498447741e-63	1.64127731929483e-60	0.0289	0.0318	0.0303	0.0303	TRUE	NA
FBtr0087258	963	265	242	5327	2285	2110	498	397	341	2723	3141	2617	1619.36	412	2827	6.905	2.788	14.323	1.56368637951122e-46	1.1747193926078e-43	0.0223	0.0295	0.0257	0.0257	TRUE	NA
FBtr0305073	191	92	67	1608	583	696	99	138	94	822	801	863	469.57	110	829	7.581	2.922	13.774	3.62917433738425e-43	2.33692904653707e-40	0.0093	0.0393	0.0268	0.0268	TRUE	NA
FBtr0342814	677	213	248	2927	1632	1739	350	319	349	1496	2243	2157	1152.41	339	1965	5.673	2.504	12.78	2.10990585350503e-37	1.11887066290281e-34	0.0212	0.0312	0.0258	0.0258	TRUE	NA
FBtr0081619	132	39	60	945	390	515	68	58	84	483	536	639	311.5	70	553	7.767	2.957	12.554	3.77330029036003e-36	1.88979456208865e-33	0.0135	0.0463	0.0314	0.0314	TRUE	NA
FBtr0076772	948	252	301	3104	1006	1183	490	377	424	1586	1383	1467	954.64	430	1479	3.44	1.782	11.894	1.27882071712275e-32	5.76428438243079e-30	0.0014	0.0323	0.0145	0.0145	TRUE	NA
FBtr0085155	990	343	432	2901	1315	1530	512	514	608	1483	1808	1898	1136.96	545	1730	3.156	1.658	10.69	1.1363055094292e-26	4.26824756979342e-24	0.0046	0.0312	0.016	0.016	TRUE	NA
FBtr0088136	74	21	49	1084	309	399	38	31	69	554	425	495	268.73	46	491	10.771	3.429	10.495	9.06868109234801e-26	3.27016640190069e-23	0.088	0.0496	0.0638	0.0638	TRUE	NA
FBtr0346714	149	13	13	1173	451	515	77	19	18	600	620	639	328.84	38	620	19.199	4.263	9.923	3.31335174671045e-23	1.02999537919292e-20	0.2264	0.0452	0.1135	0.1135	TRUE	NA
FBtr0076454	1477	468	652	4493	1668	2060	763	701	918	2296	2293	2555	1587.79	794	2381	2.999	1.584	9.347	9.04106634782302e-21	2.32872037501784e-18	0.0126	0.0296	0.0198	0.0198	TRUE	NA
FBtr0344560	129	81	99	452	394	534	67	121	139	231	542	662	293.73	109	478	4.185	2.065	9.147	5.84569595391087e-20	1.42429591958126e-17	0.0159	0.0476	0.0307	0.0307	TRUE	NA
FBtr0075699	733	89	205	3655	1245	1463	379	133	289	1868	1711	1815	1032.49	267	1798	6.976	2.802	9.015	1.96972115077213e-19	4.55308619851558e-17	0.1153	0.0318	0.067	0.067	TRUE	NA
FBtr0077236	353	100	83	1070	360	407	182	150	117	547	495	505	332.61	150	516	3.455	1.789	8.562	1.10659371436145e-17	2.03590659897315e-15	0.0062	0.045	0.0266	0.0266	TRUE	NA
FBtr0347200	644	135	153	1700	428	555	333	202	215	869	588	688	482.67	250	715	2.885	1.529	8.455	2.7857009653282e-17	4.82944119277572e-15	0.0062	0.0389	0.0204	0.0204	TRUE	NA
FBtr0082452	11104	3101	3028	22013	6461	7663	5738	4644	4264	11251	8881	9505	7380.59	4882	9879	2.029	1.021	8.302	1.02794518549019e-16	1.62577646442001e-14	0.002	0.0264	0.0107	0.0107	TRUE	NA
FBtr0077831	71	19	27	331	152	154	37	28	38	169	209	191	112.05	34	190	5.411	2.436	8.208	2.25713113942584e-16	3.44881986812271e-14	0.0062	0.0833	0.0454	0.0454	TRUE	NA
FBtr0333073	435	138	126	1256	447	416	225	207	177	642	614	516	396.88	203	591	2.911	1.542	8.182	2.793286552159e-16	4.1969130446189e-14	0.005	0.0418	0.0219	0.0219	TRUE	NA
FBtr0113386	19	6	5	229	84	71	10	9	7	117	115	88	57.74	9	107	12.355	3.627	8.096	5.67276917384045e-16	7.99062720346432e-14	0.0116	0.1376	0.0789	0.0789	TRUE	NA
FBtr0300017	19401	7626	6844	40618	23429	24499	10025	11420	9638	20760	32206	30388	19073.01	10361	27785	2.635	1.398	7.913	2.50382596124798e-15	3.4199986425228e-13	0.0196	0.0259	0.0224	0.0224	TRUE	NA
FBtr0342607	29	16	15	265	92	116	15	24	21	135	126	144	77.64	20	135	7.022	2.812	7.865	3.68662944615519e-15	4.88749477310133e-13	0	0.1088	0.0611	0.0611	TRUE	NA
FBtr0306087	263	43	48	827	322	372	136	64	68	423	443	461	265.77	89	442	5.138	2.361	7.836	4.63317664267782e-15	5.9668696333915e-13	0.0656	0.0499	0.0574	0.0574	TRUE	NA
FBtr0088266	534	102	101	1309	322	353	276	153	142	669	443	438	353.41	190	517	2.759	1.464	7.757	8.68113183430609e-15	1.08695004842041e-12	0.0039	0.0438	0.0213	0.0213	TRUE	NA
FBtr0332406	191	919	751	637	2528	2334	99	1376	1058	326	3475	2895	1538.04	844	2232	2.814	1.493	7.711	1.24362712645511e-14	1.51504034391795e-12	0.0217	0.0297	0.0254	0.0254	TRUE	NA
FBtr0072506	837	509	535	4188	1428	1689	433	762	753	2140	1963	2095	1357.78	649	2066	3.288	1.717	7.583	3.36632343930483e-14	3.84144377282697e-12	0.0412	0.0303	0.0359	0.0359	TRUE	NA
FBtr0075541	171	33	35	606	138	142	88	49	49	310	190	176	143.77	62	225	3.621	1.856	7.514	5.74772744213943e-14	6.39700776430703e-12	0	0.0705	0.0318	0.0318	TRUE	NA
FBtr0088506	1527	499	609	3057	1309	1541	789	747	858	1562	1799	1911	1277.87	798	1757	2.192	1.132	7.47	8.00076802102854e-14	8.6899908083822e-12	0.0051	0.0306	0.0156	0.0156	TRUE	NA
FBtr0346711	1061	386	337	2614	835	934	548	578	475	1336	1148	1159	873.88	534	1214	2.274	1.186	7.392	1.44278245888144e-13	1.51240510079258e-11	0.0044	0.0329	0.017	0.017	TRUE	NA
FBtr0077920	866	342	401	2084	814	893	448	512	565	1065	1119	1108	802.69	508	1097	2.171	1.118	7.291	3.08300344622389e-13	3.15832682587596e-11	0	0.0336	0.0154	0.0154	TRUE	NA
FBtr0332963	149	58	53	556	175	195	77	87	75	284	241	242	167.52	80	256	3.237	1.695	7.177	7.10889897725323e-13	7.04249717361955e-11	0.0019	0.0641	0.0312	0.0312	TRUE	NA
FBtr0340135	1615	961	897	4838	1976	2538	835	1439	1263	2473	2716	3148	1978.99	1179	2779	2.41	1.269	7.164	7.84240651810949e-13	7.6847059522562e-11	0.0166	0.0288	0.022	0.022	TRUE	NA
FBtr0076545	545	271	246	1174	854	825	282	406	346	600	1174	1023	638.53	345	932	2.622	1.391	7.151	8.62923186436245e-13	8.36478766206748e-11	0.0165	0.0357	0.0252	0.0252	TRUE	NA
FBtr0304990	128	30	14	762	108	127	66	45	20	389	148	158	137.71	44	232	5.183	2.374	7.1	1.25114442148433e-12	1.18727020628223e-10	0.0379	0.0725	0.0622	0.0622	TRUE	NA
FBtr0302833	567	211	177	1275	557	591	293	316	249	652	766	733	501.44	286	717	2.493	1.318	7.083	1.40876629422891e-12	1.32291959817434e-10	0.008	0.0384	0.0223	0.0223	TRUE	NA
FBtr0304005	290	48	51	840	196	171	150	72	72	429	269	212	200.74	98	303	3.148	1.655	6.952	3.59087626989788e-12	3.23717495731294e-10	0.0098	0.0578	0.0323	0.0323	TRUE	NA
FBtr0089716	480	209	170	1139	606	571	248	313	239	582	833	708	487.31	267	708	2.628	1.394	6.935	4.05919709404843e-12	3.58761390223986e-10	0.0151	0.0388	0.0263	0.0263	TRUE	NA
FBtr0076453	609	183	208	1523	430	594	315	274	293	778	591	737	497.99	294	702	2.389	1.256	6.93	4.21381709690681e-12	3.68811273093348e-10	0.0076	0.0385	0.021	0.021	TRUE	NA
FBtr0088663	20102	6412	6907	37030	21575	20189	10388	9602	9727	18926	29658	25042	17223.77	9906	24542	2.444	1.289	6.781	1.19665843260924e-11	1.01772412924267e-09	0.026	0.0259	0.026	0.026	TRUE	NA
FBtr0330145	382	160	167	818	673	829	197	240	235	418	925	1028	507.28	224	790	3.284	1.715	6.767	1.31120562779561e-11	1.10472137706331e-09	0.0484	0.0383	0.0433	0.0433	TRUE	NA
FBtr0335475	860	133	63	3438	406	453	444	199	89	1757	558	562	601.58	244	959	3.917	1.97	6.762	1.36065926098857e-11	1.13577252201963e-09	0.0869	0.0363	0.0569	0.0569	TRUE	NA
FBtr0305679	536	170	220	1168	487	521	277	255	310	597	669	646	459	281	637	2.266	1.18	6.753	1.45028813290707e-11	1.19948142368415e-09	9e-04	0.0396	0.0192	0.0192	TRUE	NA
FBtr0299564	168	72	72	441	194	235	87	108	101	225	267	291	179.93	99	261	2.642	1.402	6.477	9.36115017114914e-11	7.2128862216162e-09	0	0.0615	0.0264	0.0264	TRUE	NA
FBtr0299837	7634	2943	2209	20229	6711	6234	3945	4407	3111	10339	9225	7733	6459.96	3821	9099	2.372	1.246	6.425	1.32291096981203e-10	1.00218843637441e-08	0.0271	0.0265	0.0269	0.0269	TRUE	NA
FBtr0110925	63	26	37	851	125	165	33	39	52	435	172	205	155.84	41	271	6.216	2.636	6.395	1.607803432653e-10	1.20786232878056e-08	0.1531	0.067	0.1061	0.1061	TRUE	NA
FBtr0110876	130	22	18	471	91	86	67	33	25	241	125	107	99.66	42	158	3.806	1.928	6.358	2.04233034250488e-10	1.48480709981302e-08	0.0024	0.0904	0.0469	0.0469	TRUE	NA
FBtr0074745	234	106	121	537	281	306	121	159	170	274	386	380	248.39	150	347	2.305	1.205	6.353	2.11441830108139e-10	1.5249184787399e-08	0	0.0516	0.0209	0.0209	TRUE	NA
FBtr0080892	451	135	163	913	374	393	233	202	230	467	514	487	355.5	222	489	2.199	1.137	6.193	5.89091342389467e-10	4.08512188587772e-08	0.0011	0.0437	0.0207	0.0207	TRUE	NA
FBtr0071246	149	35	38	544	103	130	77	52	54	278	142	161	127.3	61	194	3.138	1.65	6.179	6.47073669186337e-10	4.45295353260674e-08	0.0067	0.0763	0.0386	0.0386	TRUE	NA
FBtr0076808	1109	486	609	2226	1041	1204	573	728	858	1138	1431	1493	1036.77	720	1354	1.891	0.919	6.117	9.54671889932347e-10	6.47095269754896e-08	0.0033	0.0318	0.0152	0.0152	TRUE	NA
FBtr0071004	32	11	14	166	60	92	17	16	20	85	82	114	55.69	18	94	5.311	2.409	6.093	1.10484151544589e-09	7.3778861198109e-08	0	0.1417	0.0771	0.0771	TRUE	NA
FBtr0077008	1615	457	668	3446	1355	1338	835	684	941	1761	1863	1660	1290.53	820	1761	2.147	1.102	6.033	1.61227420760396e-09	1.03818942725355e-07	0.0169	0.0306	0.0231	0.0231	TRUE	NA
FBtr0084291	2785	755	835	5039	1398	1507	1439	1131	1176	2575	1922	1869	1685.35	1249	2122	1.693	0.759	5.915	3.32673369900104e-09	2.04017036030574e-07	8e-04	0.0294	0.0111	0.0111	TRUE	NA
FBtr0303709	27	6	10	148	77	56	14	9	14	76	106	69	48	12	84	6.607	2.724	5.913	3.36803668466944e-09	2.05154396704696e-07	0.042	0.1603	0.1043	0.1043	TRUE	NA
FBtr0332847	18	3	9	150	43	63	9	4	13	77	59	78	40.06	9	71	8.061	3.011	5.878	4.1502229080782e-09	2.46146444186349e-07	0.0121	0.187	0.1212	0.1212	TRUE	NA
FBtr0112808	267	231	207	1255	657	527	138	346	292	641	903	654	495.61	259	733	3.029	1.599	5.836	5.3394797826263e-09	3.12567598963481e-07	0.0646	0.0386	0.0513	0.0513	TRUE	NA
FBtr0076885	666	223	237	1222	467	506	344	334	334	625	642	628	484.34	337	632	1.87	0.903	5.817	6.00873234133016e-09	3.47379935513335e-07	0	0.0389	0.0149	0.0149	TRUE	NA
FBtr0091711	226	225	242	649	467	552	117	337	341	332	642	685	408.81	265	553	2.217	1.148	5.718	1.0795097774592e-08	6.04458425080416e-07	0.0133	0.0414	0.026	0.026	TRUE	NA
FBtr0074418	378	146	170	702	365	437	195	219	239	359	502	542	342.66	218	468	2.111	1.078	5.71	1.13089772506541e-08	6.29323641448436e-07	0.0052	0.0444	0.0221	0.0221	TRUE	NA
FBtr0346276	1109	288	308	2072	535	632	573	431	434	1059	735	784	669.41	479	859	1.789	0.839	5.702	1.18106114218904e-08	6.53206515143201e-07	1e-04	0.0352	0.0137	0.0137	TRUE	NA
FBtr0346713	1301	231	408	2480	1826	1911	672	346	575	1268	2510	2370	1290.13	531	2049	3.768	1.914	5.612	1.99749373427194e-08	1.08478349484708e-06	0.1509	0.0306	0.0825	0.0825	TRUE	NA
FBtr0300889	355	266	129	1344	638	701	183	398	182	687	877	870	532.82	254	811	3.243	1.697	5.604	2.09586373849492e-08	1.13138991631927e-06	0.091	0.0377	0.0634	0.0634	TRUE	NA
FBtr0333852	148	61	37	336	319	351	76	91	52	172	439	435	210.92	73	349	4.332	2.115	5.589	2.27803901150761e-08	1.22241200528221e-06	0.143	0.0562	0.0947	0.0947	TRUE	NA
FBtr0301413	838	420	413	1753	738	882	433	629	582	896	1014	1094	774.68	548	1001	1.849	0.886	5.587	2.31313763938626e-08	1.23390152775545e-06	0	0.0339	0.0166	0.0166	TRUE	NA
FBtr0089485	1199	346	278	2634	715	677	620	518	392	1346	983	840	783.01	510	1056	2.061	1.044	5.584	2.35053078870074e-08	1.2464726505963e-06	0.0144	0.0338	0.0234	0.0234	TRUE	NA
FBtr0302188	1455	442	474	2337	891	1006	752	662	668	1194	1225	1248	958.06	694	1222	1.76	0.816	5.58	2.4020375952608e-08	1.26633736381731e-06	0.0022	0.0323	0.0142	0.0142	TRUE	NA
FBtr0081639	50776	22647	26101	77384	40342	46038	26239	33914	36758	39551	55455	57104	41503.6	32304	50703	1.564	0.645	5.541	3.0160793455181e-08	1.57167371675409e-06	0.0015	0.0257	0.0097	0.0097	TRUE	NA
FBtr0347201	611	306	276	1857	573	687	316	458	389	949	788	852	625.26	388	863	2.251	1.171	5.538	3.06631269507117e-08	1.58851148940901e-06	0.0272	0.0359	0.0302	0.0302	TRUE	NA
FBtr0072795	288	148	155	577	306	378	149	222	218	295	421	469	295.52	196	395	2.008	1.006	5.527	3.26237979993473e-08	1.67104283502339e-06	0	0.0474	0.0199	0.0199	TRUE	NA
FBtr0088137	2481	1322	1427	5964	2436	2706	1282	1980	2010	3048	3349	3356	2504.11	1757	3251	1.888	0.917	5.515	3.49202850469127e-08	1.77856706044021e-06	0.0131	0.0281	0.0195	0.0195	TRUE	NA
FBtr0075558	1307	359	366	4941	776	801	675	538	515	2525	1067	994	1052.34	576	1529	2.437	1.285	5.412	6.24558852259271e-08	3.0767202476051e-06	0.0464	0.0317	0.0391	0.0391	TRUE	NA
FBtr0089512	409	100	114	840	258	243	211	150	161	429	355	301	267.84	174	362	2.082	1.058	5.354	8.59095312679575e-08	4.16384099129375e-06	0.0014	0.0497	0.0233	0.0233	TRUE	NA
FBtr0273224	145	124	125	690	316	308	75	186	176	353	434	382	267.62	146	390	2.89	1.531	5.339	9.35132550791673e-08	4.50813900822831e-06	0.0588	0.0497	0.0542	0.0542	TRUE	NA
FBtr0072767	258	62	94	503	294	366	133	93	132	257	404	454	245.63	119	372	3.004	1.587	5.294	1.19574733067968e-07	5.61440738858194e-06	0.0664	0.0519	0.0589	0.0589	TRUE	NA
FBtr0072649	5466	1910	1907	8612	3049	3642	2825	2860	2686	4402	4191	4517	3580.12	2790	4370	1.566	0.647	5.28	1.29170539537e-07	6.03353582345106e-06	0.001	0.0273	0.0105	0.0105	TRUE	NA
FBtr0082069	41	21	6	240	67	134	21	31	8	123	92	166	73.68	20	127	6.24	2.641	5.268	1.37643349693652e-07	6.33089182391974e-06	0.2126	0.1133	0.1499	0.1499	TRUE	NA
FBtr0112879	133	48	52	1176	139	163	69	72	73	601	191	202	201.36	71	331	4.065	2.023	5.253	1.50000503025142e-07	6.82956835743258e-06	0.141	0.0577	0.0963	0.0963	TRUE	NA
FBtr0333013	212	74	88	895	224	187	110	111	124	457	308	232	223.6	115	332	2.838	1.505	5.229	1.70698241789222e-07	7.65594353099422e-06	0.0514	0.0545	0.053	0.053	TRUE	NA
FBtr0333071	1456	252	227	2936	450	475	752	377	320	1501	619	589	692.97	483	903	1.824	0.867	5.215	1.84208335394732e-07	8.14038305678189e-06	0.0043	0.0349	0.0177	0.0177	TRUE	NA
FBtr0342825	258	142	142	470	329	452	133	213	200	240	452	561	299.84	182	418	2.208	1.142	5.209	1.90227344722687e-07	8.32475491589816e-06	0.0168	0.0471	0.0305	0.0305	TRUE	NA
FBtr0071249	16938	7612	8754	25541	12986	15029	8753	11399	12328	13054	17851	18642	13671.11	10827	16516	1.522	0.606	5.188	2.13004754374048e-07	9.23191279174061e-06	0.0013	0.026	0.0098	0.0098	TRUE	NA
FBtr0340190	559	225	441	1641	762	1045	289	337	621	839	1047	1296	738.21	416	1061	2.591	1.374	5.14	2.7470409201759e-07	1.18490784188448e-05	0.0669	0.0343	0.0497	0.0497	TRUE	NA
FBtr0072557	4386	1355	1484	6711	2265	2512	2266	2029	2090	3430	3114	3116	2674.15	2128	3220	1.513	0.597	5.102	3.36744105033243e-07	1.44483531050515e-05	0	0.028	0.0094	0.0094	TRUE	NA
FBtr0344873	2	4	3	58	29	42	1	6	4	30	40	52	22.14	4	41	12.888	3.688	5.101	3.38169995026717e-07	1.44483531050515e-05	0	0.3176	0.1999	0.1999	TRUE	NA
FBtr0087820	37	11	19	165	63	62	19	16	27	84	87	77	51.7	21	83	4.004	2.002	5.074	3.89529576158887e-07	1.63330657166157e-05	0	0.1506	0.08	0.08	TRUE	NA
FBtr0083273	845	247	192	2443	434	504	437	370	270	1249	597	625	591.22	359	824	2.198	1.136	5.06	4.18473967942211e-07	1.72262229269362e-05	0.0313	0.0365	0.0338	0.0338	TRUE	NA
FBtr0084911	67	61	79	270	217	167	35	91	111	138	298	207	146.78	79	214	2.915	1.544	5.052	4.366927391265e-07	1.78944774692063e-05	0.0462	0.0696	0.0577	0.0577	TRUE	NA
FBtr0345005	330	146	147	586	302	342	171	219	207	300	415	424	289.17	199	380	1.892	0.92	5.04	4.645717589442e-07	1.89507439225428e-05	0	0.0479	0.02	0.02	TRUE	NA
FBtr0335180	2159	730	694	3384	1547	1452	1116	1093	977	1730	2127	1801	1473.89	1062	1886	1.771	0.824	5.012	5.38863823556902e-07	2.15904771971799e-05	0.0105	0.0299	0.0187	0.0187	TRUE	NA
FBtr0076935	78	26	23	202	84	95	40	39	32	103	115	118	74.7	37	112	2.978	1.574	4.925	8.43693546897345e-07	3.30691188055633e-05	0	0.1121	0.0546	0.0546	TRUE	NA
FBtr0345429	105	37	35	244	111	116	54	55	49	125	153	144	96.69	53	141	2.617	1.388	4.919	8.68293774826432e-07	3.38860103032913e-05	0	0.0924	0.0436	0.0436	TRUE	NA
FBtr0305917	1599	428	558	3770	869	976	826	641	786	1927	1195	1211	1097.51	751	1444	1.884	0.914	4.916	8.81616852390671e-07	3.42576548461289e-05	0.0174	0.0314	0.0237	0.0237	TRUE	NA
FBtr0077310	399	135	184	713	347	453	206	202	259	364	477	562	345.13	222	468	2.069	1.049	4.89	1.0070787226179e-06	3.87983533521383e-05	0.0165	0.0443	0.0296	0.0296	TRUE	NA
FBtr0301851	1447	466	475	2104	1214	1344	748	698	669	1075	1669	1667	1087.62	705	1470	2.041	1.03	4.877	1.07829594057087e-06	4.11899911196881e-05	0.0305	0.0315	0.031	0.031	TRUE	NA
FBtr0087232	1805	667	760	2758	1172	1357	933	999	1070	1410	1611	1683	1284.29	1001	1568	1.564	0.645	4.869	1.12212013894811e-06	4.26831774372035e-05	4e-04	0.0306	0.0118	0.0118	TRUE	NA
FBtr0077604	1471	484	480	2280	824	930	760	725	676	1165	1133	1154	935.41	720	1151	1.597	0.675	4.867	1.13571716605189e-06	4.30188666048645e-05	0	0.0325	0.0126	0.0126	TRUE	NA
FBtr0077739	3239	1446	1619	5089	2339	2765	1674	2165	2280	2601	3215	3430	2560.85	2040	3082	1.515	0.599	4.851	1.22802294556314e-06	4.63206144529362e-05	0.001	0.0281	0.0106	0.0106	TRUE	NA
FBtr0071762	1290	482	585	2082	926	1005	667	722	824	1064	1273	1247	965.98	738	1195	1.618	0.694	4.845	1.26531726092418e-06	4.75284796134647e-05	3e-04	0.0322	0.0136	0.0136	TRUE	NA
FBtr0300649	98	34	56	295	166	122	51	51	79	151	228	151	118.45	60	177	2.938	1.555	4.84	1.29859248012964e-06	4.85759801177126e-05	0.0436	0.0801	0.0625	0.0625	TRUE	NA
FBtr0302863	112	35	56	1197	153	125	58	52	79	612	210	155	194.38	63	326	4.376	2.13	4.837	1.31817013848938e-06	4.91045611507512e-05	0.2151	0.0588	0.1279	0.1279	TRUE	NA
FBtr0305063	511	200	144	1295	430	366	264	300	203	662	591	454	412.22	256	569	2.221	1.151	4.815	1.47333117438067e-06	5.44347562993512e-05	0.0347	0.0412	0.038	0.038	TRUE	NA
FBtr0086774	1534	468	620	2406	1052	1263	793	701	873	1230	1446	1567	1101.52	789	1414	1.781	0.833	4.79	1.66993879572402e-06	6.09493856010203e-05	0.0123	0.0314	0.0207	0.0207	TRUE	NA
FBtr0078136	149	45	54	315	124	158	77	67	76	161	170	196	124.64	73	176	2.37	1.245	4.786	1.70532555072258e-06	6.19899590313066e-05	0	0.0774	0.0385	0.0385	TRUE	NA
FBtr0083294	985	354	374	1584	605	733	509	530	527	810	832	909	686.04	522	850	1.627	0.702	4.781	1.74015238763333e-06	6.27498950980578e-05	0	0.035	0.0139	0.0139	TRUE	NA
FBtr0336667	58	23	6	340	58	104	30	34	8	174	80	129	75.89	24	128	5.217	2.383	4.781	1.73997081450309e-06	6.27498950980578e-05	0.2208	0.1108	0.1495	0.1495	TRUE	NA
FBtr0112807	227	75	63	507	153	171	117	112	89	259	210	212	166.65	106	227	2.143	1.1	4.78	1.75077965405748e-06	6.28815879734189e-05	0	0.0643	0.0305	0.0305	TRUE	NA
FBtr0081348	864	274	282	1378	490	594	446	410	397	704	674	737	561.43	418	705	1.685	0.753	4.754	1.99823328755132e-06	7.09215475876975e-05	0	0.0371	0.016	0.016	TRUE	NA
FBtr0086676	952	259	324	1559	533	680	492	388	456	797	733	843	618.17	445	791	1.776	0.829	4.752	2.01596526566908e-06	7.12703014510068e-05	0.0075	0.036	0.02	0.02	TRUE	NA
FBtr0113020	57	20	18	186	68	64	29	30	25	95	93	79	58.78	28	89	3.166	1.663	4.744	2.09437242659875e-06	7.37529977569834e-05	0	0.1356	0.0634	0.0634	TRUE	NA
FBtr0082087	465	212	238	775	414	551	240	317	335	396	569	683	423.6	297	549	1.821	0.864	4.72	2.35364519734799e-06	8.19232102474598e-05	0.007	0.0408	0.0215	0.0215	TRUE	NA
FBtr0343526	113	83	76	263	190	181	58	124	107	134	261	225	151.64	96	207	2.168	1.116	4.707	2.51190458243282e-06	8.70954608101226e-05	0.0019	0.0682	0.0325	0.0325	TRUE	NA
FBtr0085899	1158	172	320	2080	787	782	598	258	451	1063	1082	970	736.92	436	1038	2.452	1.294	4.698	2.62448410408294e-06	9.06502842847038e-05	0.0739	0.0343	0.0527	0.0527	TRUE	NA
FBtr0087618	10531	3915	2626	19159	7935	7660	5442	5863	3698	9792	10908	9501	7534.01	5001	10067	2.016	1.012	4.674	2.95355778446862e-06	0.000100857285708275	0.0379	0.0264	0.0336	0.0336	TRUE	NA
FBtr0342808	118	93	80	694	241	196	61	139	113	355	331	243	207	104	310	3.126	1.644	4.67	3.00766770354884e-06	0.000101938089463414	0.1073	0.0568	0.0823	0.0823	TRUE	NA
FBtr0080846	556	177	169	1083	294	389	287	265	238	554	404	483	371.76	263	480	1.821	0.865	4.642	3.45880183343533e-06	0.000115914864417916	0.0047	0.0429	0.0217	0.0217	TRUE	NA
FBtr0075191	1935	1343	1732	3896	2786	2672	1000	2011	2439	1991	3830	3314	2430.92	1817	3045	1.725	0.787	4.637	3.5351714676447e-06	0.000118035447336359	0.0161	0.0282	0.0203	0.0203	TRUE	NA
FBtr0087292	1127	251	314	2171	458	583	582	376	442	1110	630	723	643.8	467	821	1.739	0.798	4.592	4.38504634768545e-06	0.000143225269716125	0.0073	0.0356	0.0197	0.0197	TRUE	NA
FBtr0088832	1854	612	751	2984	1109	1240	958	916	1058	1525	1524	1538	1253.3	977	1529	1.565	0.646	4.591	4.400820822115e-06	0.000143225269716125	0.0018	0.0307	0.0134	0.0134	TRUE	NA
FBtr0345339	60	15	12	184	61	53	31	22	17	94	84	66	52.33	23	81	3.468	1.794	4.587	4.49544259565842e-06	0.00014577847122252	0	0.1491	0.0794	0.0794	TRUE	NA
FBtr0331664	29	29	32	194	81	104	15	43	45	99	111	129	73.83	34	113	3.664	1.873	4.576	4.74795046544145e-06	0.000152323037174216	0	0.1131	0.0999	0.0999	TRUE	NA
FBtr0070822	28245	33006	37192	56681	52911	62280	14596	49427	52377	28970	72733	77251	49225.57	38800	59651	1.627	0.702	4.569	4.91209466094224e-06	0.000156475382927188	0.011	0.0257	0.017	0.017	TRUE	NA
FBtr0308620	3324	884	744	5184	1670	1625	1718	1324	1048	2650	2296	2016	1841.68	1363	2321	1.719	0.782	4.565	4.999423546875e-06	0.000158696490405205	0.0137	0.0291	0.0205	0.0205	TRUE	NA
FBtr0082018	475	156	186	953	301	336	245	234	262	487	414	417	343.1	247	439	1.781	0.833	4.549	5.39044418407063e-06	0.000169320049893368	0.0022	0.0444	0.0207	0.0207	TRUE	NA
FBtr0079523	484	117	125	970	245	231	250	175	176	496	337	287	286.74	200	373	1.849	0.887	4.548	5.41029169688263e-06	0.000169353401553461	0.0031	0.0481	0.0229	0.0229	TRUE	NA
FBtr0088073	1978	756	769	2835	1257	1414	1022	1132	1083	1449	1728	1754	1361.34	1079	1644	1.517	0.601	4.543	5.55272743254531e-06	0.000173210511433896	0.001	0.0303	0.0118	0.0118	TRUE	NA
FBtr0077136	271	74	78	589	152	164	140	111	110	301	209	203	179.02	120	238	1.972	0.979	4.514	6.35386764619588e-06	0.000196838889451738	2e-04	0.0617	0.0268	0.0268	TRUE	NA
FBtr0339974	143	26	32	397	108	73	74	39	45	203	148	91	99.97	53	147	2.802	1.486	4.498	6.87306628436571e-06	0.00021003624594426	0.0356	0.0902	0.063	0.063	TRUE	NA
FBtr0110921	55	31	23	251	115	67	28	46	32	128	158	83	79.45	35	123	3.517	1.814	4.468	7.88940256957009e-06	0.000237076547215581	0.0912	0.1069	0.0992	0.0992	TRUE	NA
FBtr0307015	11211	2487	2478	14912	6529	6561	5793	3724	3490	7622	8975	8138	6290.33	4336	8245	1.95	0.963	4.455	8.39053091786879e-06	0.00025129779476607	0.0362	0.0266	0.0335	0.0335	TRUE	NA
FBtr0303750	485	164	155	2224	314	350	251	246	218	1137	432	434	452.83	238	668	2.526	1.337	4.445	8.78335744876355e-06	0.000262191945035111	0.0855	0.0398	0.0616	0.0616	TRUE	NA
FBtr0086506	43	24	19	376	81	56	22	36	27	192	111	69	76.32	28	124	4.256	2.089	4.429	9.48016090814395e-06	0.000281130429562229	0.1628	0.1103	0.1353	0.1353	TRUE	NA
FBtr0084910	100	102	137	226	227	283	52	153	193	116	312	351	195.99	133	260	2.016	1.012	4.421	9.82066990772372e-06	0.000289324637967743	0.0063	0.0585	0.0312	0.0312	TRUE	NA
FBtr0075492	2397	751	910	3500	1401	1772	1239	1125	1282	1789	1926	2198	1592.92	1215	1971	1.617	0.693	4.412	1.02201474979154e-05	0.000300112800305236	0.0082	0.0296	0.0171	0.0171	TRUE	NA
FBtr0308213	497	118	95	874	320	261	257	177	134	447	440	324	296.27	189	404	2.174	1.12	4.409	1.03649201731876e-05	0.000303375829095084	0.0366	0.0474	0.042	0.042	TRUE	NA
FBtr0113066	327	100	133	747	212	249	169	150	187	382	291	309	248.02	169	327	1.941	0.956	4.397	1.09819511821354e-05	0.000319362225506293	0.0091	0.0516	0.0291	0.0291	TRUE	NA
FBtr0088052	206	50	19	560	139	136	106	75	27	286	191	169	142.34	69	215	3.208	1.682	4.393	1.12011545865427e-05	0.000323648745505391	0.129	0.071	0.0933	0.0933	TRUE	NA
FBtr0334654	13	7	18	83	102	44	7	10	25	42	140	55	46.63	14	79	5.697	2.51	4.388	1.14230557437346e-05	0.000329005902651014	0.2187	0.1642	0.1895	0.1895	TRUE	NA
FBtr0089655	564	856	901	1098	1496	1449	291	1282	1269	561	2056	1797	1209.52	947	1471	1.636	0.71	4.379	1.1934636170104e-05	0.000340477041371796	0.0086	0.0309	0.0179	0.0179	TRUE	NA
FBtr0086170	56	26	58	133	138	234	29	39	82	68	190	290	116.25	50	183	3.331	1.736	4.372	1.22881157661364e-05	0.000348356489407924	0.1226	0.0812	0.0998	0.0998	TRUE	NA
FBtr0086994	110	29	25	405	93	62	57	43	35	207	128	77	91.2	45	137	2.959	1.565	4.37	1.24526766715581e-05	0.000351914984934472	0.0521	0.0964	0.0745	0.0745	TRUE	NA
FBtr0334846	78	24	20	209	60	80	40	36	28	107	82	99	65.49	35	96	2.765	1.467	4.341	1.41562702442724e-05	0.000395104570439986	0	0.1243	0.0608	0.0608	TRUE	NA
FBtr0086675	343	114	133	673	215	337	177	171	187	344	296	418	265.46	178	353	1.975	0.982	4.302	1.69148799542685e-05	0.000469192747039171	0.0183	0.0499	0.033	0.033	TRUE	NA
FBtr0100353	707	196	236	1024	463	517	365	294	332	523	636	641	465.39	330	600	1.803	0.851	4.293	1.76151222210674e-05	0.000482675765419217	0.0147	0.0394	0.0257	0.0257	TRUE	NA
FBtr0331662	1223	84	65	1915	279	233	632	126	92	979	384	289	416.77	283	551	2.414	1.271	4.288	1.80416021058193e-05	0.000492863766618064	0.0775	0.0411	0.058	0.058	TRUE	NA
FBtr0343350	2278	537	549	3358	850	941	1177	804	773	1716	1168	1167	1134.4	918	1350	1.473	0.558	4.271	1.94519789899967e-05	0.000528191537936206	0	0.0312	0.0112	0.0112	TRUE	NA
FBtr0083122	707	270	221	1080	679	590	365	404	311	552	933	732	549.68	360	739	2.008	1.006	4.246	2.171765405285e-05	0.000579244530433263	0.0393	0.0373	0.0382	0.0382	TRUE	NA
FBtr0081258	2348	726	862	3228	1401	1549	1213	1087	1214	1650	1926	1921	1501.92	1171	1832	1.558	0.64	4.243	2.20857863194086e-05	0.000587325556547106	0.006	0.0298	0.0156	0.0156	TRUE	NA
FBtr0074809	966	430	464	1393	743	816	499	644	653	712	1021	1012	757	599	915	1.517	0.601	4.235	2.28065425420571e-05	0.000604708767696014	3e-04	0.0341	0.0131	0.0131	TRUE	NA
FBtr0347024	131	13	13	392	61	37	68	19	18	200	84	46	72.59	35	110	3.219	1.687	4.231	2.32186857737952e-05	0.000613831238272035	0.0512	0.1146	0.085	0.085	TRUE	NA
FBtr0300815	22	5	14	158	46	35	11	7	20	81	63	43	37.66	13	62	4.887	2.289	4.222	2.42318113525242e-05	0.000636418144236837	0.1078	0.1973	0.1595	0.1595	TRUE	NA
FBtr0331425	71	43	31	163	100	112	37	64	44	83	137	139	84.07	48	120	2.454	1.295	4.191	2.78117241644545e-05	0.000724632061683692	0	0.1025	0.0536	0.0536	TRUE	NA
FBtr0113129	65	151	107	300	222	444	34	226	151	153	305	551	236.6	137	336	2.846	1.509	4.185	2.85723435545279e-05	0.000740171486046176	0.1275	0.0529	0.0873	0.0873	TRUE	NA
FBtr0070239	756	161	205	1083	467	468	391	241	289	554	642	580	449.41	307	592	1.947	0.961	4.179	2.92538175148263e-05	0.000755653767610771	0.0311	0.0399	0.0353	0.0353	TRUE	NA
FBtr0086697	520	163	247	952	369	486	269	244	348	487	507	603	409.55	287	532	1.852	0.889	4.136	3.52872394798378e-05	0.000903734272473688	0.0209	0.0413	0.0304	0.0304	TRUE	NA
FBtr0084868	88	14	41	189	133	157	45	21	58	97	183	195	99.72	41	158	3.599	1.848	4.12	3.78647895303569e-05	0.000961552331313148	0.1829	0.0904	0.129	0.129	TRUE	NA
FBtr0081544	277	73	127	535	225	257	143	109	179	273	309	319	222.14	144	300	2.078	1.055	4.115	3.8670785972115e-05	0.000979261616681507	0.0272	0.0547	0.0419	0.0419	TRUE	NA
FBtr0308621	728	258	271	2046	404	557	376	386	382	1046	555	691	572.69	381	764	1.952	0.965	4.097	4.19205304769199e-05	0.00104685202839178	0.0385	0.0368	0.0377	0.0377	TRUE	NA
FBtr0090014	706	977	1123	4987	1989	2254	365	1463	1582	2549	2734	2796	1914.71	1137	2693	2.803	1.487	4.084	4.42821583564836e-05	0.00109671334501016	0.1856	0.0289	0.0949	0.0949	TRUE	NA
FBtr0334405	435	114	164	1420	254	281	225	171	231	726	349	349	341.66	209	475	2.155	1.108	4.076	4.59108428885461e-05	0.00112822075637803	0.0537	0.0445	0.0491	0.0491	TRUE	NA
FBtr0089033	576	230	262	1026	402	430	298	344	369	524	553	533	436.9	337	537	1.603	0.681	4.041	5.31196867605268e-05	0.00128729563480148	0	0.0403	0.0179	0.0179	TRUE	NA
FBtr0078509	2321	844	818	3501	1340	1349	1199	1264	1152	1789	1842	1673	1486.65	1205	1768	1.468	0.553	4.038	5.39370824943793e-05	0.00130359999647944	0.002	0.0299	0.0128	0.0128	TRUE	NA
FBtr0332125	24	49	46	145	84	195	12	73	65	74	115	242	97	50	144	3.373	1.754	4.026	5.67554442102616e-05	0.00136077215307316	0.1514	0.0922	0.1204	0.1204	TRUE	NA
FBtr0114614	187	44	112	1053	187	206	97	66	158	538	257	256	228.5	107	350	3.097	1.631	4.024	5.71088083059747e-05	0.00136561248508849	0.1861	0.0538	0.1112	0.1112	TRUE	NA
FBtr0332003	56	9	8	222	29	29	29	13	11	113	40	36	40.5	18	63	3.425	1.776	4.007	6.1580655878487e-05	0.00146092003353832	0.008	0.1852	0.0933	0.0933	TRUE	NA
FBtr0077479	222	32	32	431	113	84	115	48	45	220	155	104	114.59	69	160	2.412	1.27	3.989	6.63009692980275e-05	0.00156466816288408	0.0362	0.082	0.0596	0.0596	TRUE	NA
FBtr0072670	319	135	182	1052	289	306	165	202	256	538	397	380	322.97	208	438	2.12	1.084	3.981	6.87137742221776e-05	0.00161316321513784	0.0535	0.0456	0.0496	0.0496	TRUE	NA
FBtr0333659	360	89	68	924	206	145	186	133	96	472	283	180	225.06	138	312	2.195	1.134	3.976	7.01286482519267e-05	0.00164210328309382	0.0495	0.0543	0.052	0.052	TRUE	NA
FBtr0087859	766	420	446	1134	695	977	396	629	628	580	955	1212	733.28	551	916	1.631	0.706	3.97	7.17894996678358e-05	0.0016679957203751	0.0115	0.0344	0.0213	0.0213	TRUE	NA
FBtr0083945	4399	2039	2337	5996	3199	3800	2273	3053	3291	3065	4397	4713	3465.54	2872	4058	1.406	0.491	3.916	9.02104320707319e-05	0.00206933090360725	0.0018	0.0274	0.011	0.011	TRUE	NA
FBtr0085105	76	18	29	186	70	68	39	27	41	95	96	84	63.78	36	92	2.562	1.357	3.901	9.5612235601352e-05	0.00218213747834478	0	0.1269	0.0662	0.0662	TRUE	NA
FBtr0080156	1143	654	888	2499	1379	1257	591	979	1251	1277	1896	1559	1258.77	940	1577	1.732	0.793	3.894	9.84388787828943e-05	0.00224097599047422	0.0275	0.0307	0.029	0.029	TRUE	NA
FBtr0073425	40	5	15	170	60	33	21	7	21	87	82	41	43.26	16	70	4.251	2.088	3.891	9.98891309154034e-05	0.00226256410854865	0.1488	0.175	0.1641	0.1641	TRUE	NA
FBtr0082522	136	67	95	360	139	358	70	100	134	184	191	444	187.25	101	273	2.681	1.423	3.891	9.98295357794531e-05	0.00226256410854865	0.1212	0.0601	0.0892	0.0892	TRUE	NA
FBtr0330170	17	9	10	42	48	56	9	13	14	21	66	69	32.21	12	52	3.834	1.939	3.889	0.000100799887280716	0.00227747113743271	0.0293	0.2263	0.1265	0.1265	TRUE	NA
FBtr0089516	213	41	43	439	84	99	110	61	61	224	115	123	115.78	77	154	1.988	0.991	3.873	0.000107460988947003	0.002415862382437	0	0.0814	0.0354	0.0354	TRUE	NA
FBtr0073489	1285	1176	1057	1844	1836	1919	664	1761	1489	942	2524	2380	1626.71	1305	1949	1.479	0.564	3.872	0.000107739054078103	0.00241608848884105	0.0047	0.0295	0.0146	0.0146	TRUE	NA
FBtr0304802	709	221	241	1647	360	412	366	331	339	842	495	511	480.74	345	616	1.742	0.801	3.869	0.000109249366744721	0.00243782930991005	0.0195	0.039	0.0283	0.0283	TRUE	NA
FBtr0087207	140	35	61	282	111	147	72	52	86	144	153	182	114.95	70	160	2.253	1.172	3.851	0.000117447773027979	0.00260786126563357	0.0245	0.0818	0.0558	0.0558	TRUE	NA
FBtr0076791	97	30	31	199	88	80	50	45	44	102	121	99	76.77	46	107	2.299	1.201	3.848	0.000118931286039149	0.00263431337504406	0	0.1098	0.0537	0.0537	TRUE	NA
FBtr0290026	108	41	32	242	78	111	56	61	45	124	107	138	88.48	54	123	2.272	1.184	3.848	0.000119284175878511	0.00263565403319799	0	0.0986	0.0539	0.0539	TRUE	NA
FBtr0084927	27	8	6	112	23	39	14	12	8	57	32	48	28.6	11	46	4.003	2.001	3.832	0.000127033323983162	0.00278638787276936	0.0126	0.2516	0.1354	0.1354	TRUE	NA
FBtr0310643	129	32	36	285	71	90	67	48	51	146	98	112	86.7	55	119	2.147	1.102	3.828	0.000129128758137909	0.00282547513255643	0	0.1001	0.0448	0.0448	TRUE	NA
FBtr0079789	3724	1469	1719	6720	2377	2504	1924	2200	2421	3435	3267	3106	2725.52	2182	3269	1.504	0.589	3.821	0.000132883098185728	0.0028935776090443	0.0082	0.0279	0.0167	0.0167	TRUE	NA
FBtr0302569	69	46	40	212	90	100	36	69	56	108	124	124	86.16	54	119	2.307	1.206	3.818	0.00013455175790536	0.00291582715749236	0	0.1006	0.0575	0.0575	TRUE	NA
FBtr0086773	3263	1378	1408	4213	2196	2508	1686	2064	1983	2153	3019	3111	2335.91	1911	2761	1.43	0.516	3.816	0.000135481407609825	0.002928932588975	0.0034	0.0283	0.0127	0.0127	TRUE	NA
FBtr0113246	69	19	34	618	44	109	36	28	48	316	60	135	103.92	37	170	3.938	1.977	3.809	0.000139251765159928	0.00299607318118556	0.2794	0.0878	0.1737	0.1737	TRUE	NA
FBtr0342816	170	103	91	435	195	177	88	154	128	222	268	220	180.03	123	237	1.974	0.981	3.807	0.000140516089424919	0.00301607749087058	0.0227	0.0615	0.0413	0.0413	TRUE	NA
FBtr0081228	118	38	46	239	86	136	61	57	65	122	118	169	98.62	61	136	2.221	1.151	3.8	0.000144503995890766	0.00308697517287976	0.019	0.0911	0.0535	0.0535	TRUE	NA
FBtr0335488	1079	462	371	2390	736	701	558	692	522	1222	1012	870	812.45	591	1035	1.744	0.802	3.795	0.000147755102664127	0.00314896513124611	0.0282	0.0335	0.0307	0.0307	TRUE	NA
FBtr0086474	76	18	17	177	47	68	39	27	24	90	65	84	54.93	30	80	2.664	1.413	3.786	0.000152792978311665	0.00324100870465803	0	0.1433	0.0748	0.0748	TRUE	NA
FBtr0077245	382	149	160	544	306	431	197	223	225	278	421	535	313.19	215	411	1.847	0.885	3.784	0.000154281917443955	0.00326490959097946	0.0266	0.0462	0.0357	0.0357	TRUE	NA
FBtr0113384	15	5	5	42	32	46	8	7	7	21	44	57	24.13	7	41	4.885	2.288	3.783	0.000155227394215293	0.00327722472798799	0.0805	0.2935	0.1849	0.1849	TRUE	NA
FBtr0075275	493	186	237	732	374	423	255	279	334	374	514	525	380	289	471	1.612	0.689	3.78	0.000156533823647937	0.00329708509389288	0.0034	0.0426	0.021	0.021	TRUE	NA
FBtr0082057	27	16	9	76	52	51	14	24	13	39	71	63	37.36	17	58	3.325	1.734	3.779	0.000157199979796305	0.00330339817683843	0.0051	0.1986	0.1118	0.1118	TRUE	NA
FBtr0085786	602	256	238	1384	375	457	311	383	335	707	515	567	469.89	343	596	1.738	0.797	3.773	0.000161532294162402	0.00338654332993966	0.0215	0.0393	0.0297	0.0297	TRUE	NA
FBtr0087357	1062	220	204	1598	605	434	549	329	287	817	832	538	558.71	388	729	1.934	0.952	3.769	0.000164137474304149	0.00343317710174455	0.0501	0.0371	0.0436	0.0436	TRUE	NA
FBtr0114627	668	232	243	935	439	444	345	347	342	478	603	551	444.48	345	544	1.565	0.646	3.735	0.000187792612295513	0.0038829137611102	0.0039	0.0401	0.019	0.019	TRUE	NA
FBtr0080358	198	59	69	384	113	153	102	88	97	196	155	190	138.2	96	180	1.882	0.912	3.725	0.000195411174056302	0.00399311058807665	0	0.0723	0.0346	0.0346	TRUE	NA
FBtr0308594	295	46	31	354	237	263	152	69	44	181	326	326	182.99	88	278	3.41	1.77	3.713	0.000204621028706358	0.00415463642745003	0.2752	0.0609	0.1547	0.1547	TRUE	NA
FBtr0110922	125	85	90	145	372	417	65	127	127	74	511	517	236.89	106	367	2.69	1.428	3.711	0.000206348279203503	0.00418029154386422	0.1578	0.0528	0.1	0.1	TRUE	NA
FBtr0072265	4059	1334	1392	6469	2039	2051	2097	1998	1960	3306	2803	2544	2451.46	2018	2884	1.424	0.51	3.705	0.000211298207492293	0.00425190477799782	0.004	0.0282	0.0132	0.0132	TRUE	NA
FBtr0086568	70	24	30	154	66	78	36	36	42	79	91	97	63.42	38	89	2.31	1.208	3.705	0.000211057106626413	0.00425190477799782	0	0.1275	0.0569	0.0569	TRUE	NA
FBtr0112741	401	101	97	615	200	209	207	151	137	314	275	259	223.93	165	283	1.722	0.784	3.706	0.000210363581763277	0.00425190477799782	0	0.0544	0.0268	0.0268	TRUE	NA
FBtr0074226	921	431	464	1346	654	788	476	645	653	688	899	977	723.2	591	855	1.445	0.531	3.702	0.000214000713148395	0.00429669583303515	0	0.0345	0.0133	0.0133	TRUE	NA
FBtr0083552	328	108	89	466	315	265	169	162	125	238	433	329	242.74	152	333	2.13	1.091	3.697	0.000218448867063672	0.00436655551347894	0.0631	0.0522	0.0576	0.0576	TRUE	NA
FBtr0078078	678	257	259	1169	507	416	350	385	365	597	697	516	485.06	367	603	1.647	0.72	3.693	0.000221977844970444	0.00442727936373573	0.0139	0.0389	0.025	0.025	TRUE	NA
FBtr0100477	5540	1654	1735	7690	2337	2742	2863	2477	2443	3930	3213	3401	3054.51	2594	3515	1.354	0.437	3.686	0.000227783084179039	0.00452304956800448	2e-04	0.0277	0.0098	0.0098	TRUE	NA
FBtr0301447	372	149	184	575	295	314	192	223	259	294	406	389	293.89	225	363	1.604	0.682	3.673	0.000239995418284553	0.00471363550290902	0	0.0475	0.0211	0.0211	TRUE	NA
FBtr0077088	495	164	199	835	288	328	256	246	280	427	396	407	335.19	261	410	1.576	0.656	3.665	0.000247752084909163	0.00483438321527295	0	0.0448	0.0197	0.0197	TRUE	NA
FBtr0302905	66	23	16	238	55	46	34	34	23	122	76	57	57.56	30	85	2.749	1.459	3.663	0.000248936603261711	0.0048470053529251	0.0359	0.1379	0.0882	0.0882	TRUE	NA
FBtr0345317	2721	1206	1457	3653	2051	2245	1406	1806	2052	1867	2819	2785	2122.51	1755	2490	1.409	0.495	3.656	0.000256127386684514	0.00497626808396745	0.0028	0.0286	0.0127	0.0127	TRUE	NA
FBtr0343016	81	54	70	605	142	122	42	81	99	309	195	151	146.17	74	218	3.014	1.592	3.647	0.000265434821662759	0.0051239719856312	0.1942	0.0698	0.1272	0.1272	TRUE	NA
FBtr0343377	209	53	80	601	104	184	108	79	113	307	143	228	163.07	100	226	2.219	1.15	3.625	0.00028944689266687	0.00555183773913156	0.0632	0.0652	0.0642	0.0642	TRUE	NA
FBtr0088659	801	293	271	1315	464	462	414	439	382	672	638	573	519.55	412	628	1.527	0.61	3.621	0.000293420087635376	0.00561609785569621	0.003	0.038	0.0183	0.0183	TRUE	NA
FBtr0334883	57	47	45	148	121	91	29	70	63	76	166	113	86.34	54	118	2.24	1.164	3.617	0.000298521695538697	0.00570163789254525	0.0246	0.1004	0.0602	0.0602	TRUE	NA
FBtr0087382	2404	837	830	3146	1273	1456	1242	1253	1169	1608	1750	1806	1471.4	1221	1721	1.406	0.492	3.607	0.000310241512406815	0.00591295398382122	0.0019	0.0299	0.0126	0.0126	TRUE	NA
FBtr0077721	831	263	263	1150	478	474	429	394	370	588	657	588	504.4	398	611	1.532	0.615	3.603	0.00031437800455734	0.00597915128920764	0.0044	0.0384	0.0187	0.0187	TRUE	NA
FBtr0078919	53	18	18	354	54	36	27	27	25	181	74	45	63.25	26	100	3.362	1.75	3.603	0.000315101671496772	0.00598029803903873	0.153	0.1278	0.1402	0.1402	TRUE	NA
FBtr0073424	42	19	12	103	78	49	22	28	17	53	107	61	47.95	22	74	3.174	1.666	3.593	0.000326529002290772	0.00617362649807205	0.0866	0.1604	0.1245	0.1245	TRUE	NA
FBtr0343995	69	15	17	217	42	40	36	22	24	111	58	50	50.05	27	73	2.611	1.384	3.593	0.000326657774773196	0.00617362649807205	0.0089	0.1547	0.0768	0.0768	TRUE	NA
FBtr0081873	352	92	130	649	186	226	182	138	183	332	256	280	228.41	168	289	1.724	0.786	3.578	0.00034674395796916	0.00648526303131116	0.0048	0.0539	0.0295	0.0295	TRUE	NA
FBtr0340437	3441	1273	1632	4600	2269	2759	1778	1906	2298	2351	3119	3422	2479.19	1994	2964	1.473	0.558	3.563	0.000366270680614781	0.00679409503239147	0.0095	0.0281	0.0173	0.0173	TRUE	NA
FBtr0079290	3317	1010	1195	4222	1772	2162	1714	1513	1683	2158	2436	2682	2030.81	1637	2425	1.476	0.562	3.563	0.000367185591833	0.00679708030877719	0.0094	0.0287	0.0174	0.0174	TRUE	NA
FBtr0081620	70	31	20	179	80	62	36	46	28	91	110	77	64.85	37	93	2.516	1.331	3.562	0.000368312042068294	0.00680396118697884	0.0288	0.1253	0.0803	0.0803	TRUE	NA
FBtr0331661	147	44	43	468	93	80	76	66	61	239	128	99	111.45	68	155	2.213	1.146	3.559	0.000372033365068789	0.00685353061828683	0.042	0.0836	0.0619	0.0619	TRUE	NA
FBtr0346633	1094	103	131	1889	195	200	565	154	184	965	268	248	397.61	301	494	1.592	0.671	3.559	0.000372515807316755	0.00685353061828683	0.0031	0.0418	0.0211	0.0211	TRUE	NA
FBtr0086196	211	154	150	337	249	301	109	231	211	172	342	373	239.8	184	296	1.606	0.684	3.547	0.000389173087710741	0.00710201495083469	0	0.0525	0.0221	0.0221	TRUE	NA
FBtr0299870	4401	906	915	9361	1172	2014	2274	1357	1289	4784	1611	2498	2302.2	1640	2964	1.721	0.783	3.524	0.000425762905219739	0.00772284223451901	0.0414	0.0283	0.035	0.035	TRUE	NA
FBtr0073265	1384	787	596	1831	1374	1629	715	1179	839	936	1889	2021	1263.04	911	1615	1.699	0.765	3.523	0.00042739352605496	0.00772314828794927	0.0353	0.0307	0.033	0.033	TRUE	NA
FBtr0303563	844	255	198	1371	449	403	436	382	279	701	617	500	485.77	366	606	1.661	0.732	3.515	0.000440132465557189	0.00793558835399611	0.0202	0.0389	0.0287	0.0287	TRUE	NA
FBtr0334078	197	23	19	453	40	67	102	34	27	232	55	83	88.77	54	123	2.269	1.182	3.501	0.000463211317318021	0.00830188871893034	0.015	0.0984	0.0614	0.0614	TRUE	NA
FBtr0114584	40	21	19	185	64	40	21	31	27	95	88	50	51.84	26	78	3.002	1.586	3.5	0.000464912060890947	0.00831583775581723	0.0908	0.1503	0.1199	0.1199	TRUE	NA
FBtr0072993	193	115	107	546	158	275	100	172	151	279	217	341	210	141	279	2.042	1.03	3.499	0.00046618215544894	0.00832204382449939	0.0572	0.0563	0.0567	0.0567	TRUE	NA
FBtr0335423	987	274	294	1240	577	589	510	410	414	634	793	731	581.98	445	719	1.611	0.688	3.482	0.000498278067305176	0.00884247396999245	0.0179	0.0367	0.0261	0.0261	TRUE	NA
FBtr0083160	327	143	154	772	288	231	169	214	217	395	396	287	279.5	200	359	1.812	0.858	3.48	0.000501782203710127	0.00888716417769508	0.0314	0.0487	0.0396	0.0396	TRUE	NA
FBtr0086053	63	26	35	368	96	51	33	39	49	188	132	63	84.02	40	128	3.09	1.627	3.476	0.000509335118423782	0.00900324724037332	0.1793	0.1025	0.1393	0.1393	TRUE	NA
FBtr0088816	100	33	43	181	83	109	52	49	61	93	114	135	83.91	54	114	2.077	1.054	3.47	0.000521295683267795	0.00919663519502774	0.0049	0.1026	0.0523	0.0523	TRUE	NA
FBtr0331833	1693	229	189	2453	341	434	875	343	266	1254	469	538	624.13	495	754	1.571	0.652	3.451	0.000558161494252008	0.00980862742822972	0.0116	0.0359	0.0232	0.0232	TRUE	NA
FBtr0088847	419	199	363	1032	493	538	217	298	511	527	678	667	483.03	342	624	1.89	0.918	3.449	0.000563018710293718	0.00985116883392068	0.0591	0.0389	0.0487	0.0487	TRUE	NA
FBtr0100482	2114	575	738	2719	1294	1237	1092	861	1039	1390	1779	1534	1282.6	997	1568	1.566	0.647	3.448	0.000564953331906488	0.00985116883392068	0.0211	0.0306	0.0245	0.0245	TRUE	NA
FBtr0081890	1038	314	391	1586	517	610	536	470	551	811	711	757	639.2	519	760	1.463	0.549	3.446	0.000569026302831406	0.00987153015855739	0.0018	0.0357	0.0165	0.0165	TRUE	NA
FBtr0084491	1559	604	733	2188	992	1094	806	905	1032	1118	1364	1357	1096.88	914	1280	1.399	0.484	3.446	0.000568412301045066	0.00987153015855739	9e-04	0.0314	0.0132	0.0132	TRUE	NA
FBtr0075568	454	378	317	1578	625	557	235	566	446	807	859	691	600.61	416	786	2.004	1.003	3.432	0.000598780866858374	0.0102819228851967	0.0854	0.0363	0.0595	0.0595	TRUE	NA
FBtr0303047	452	243	273	1094	432	401	234	364	384	559	594	497	438.72	327	550	1.727	0.788	3.429	0.000605843101433477	0.0103637107389427	0.0311	0.0403	0.0355	0.0355	TRUE	NA
FBtr0075190	7384	1885	1628	10609	2530	3282	3816	2823	2293	5422	3478	4071	3650.37	2977	4324	1.457	0.543	3.426	0.00061352219738323	0.0104751943360034	0.0121	0.0273	0.0178	0.0178	TRUE	NA
FBtr0334862	88	31	23	224	52	82	45	46	32	114	71	102	68.66	41	96	2.319	1.214	3.421	0.000624019313582117	0.0105942261995156	0.0191	0.1197	0.0714	0.0714	TRUE	NA
FBtr0083944	141	105	80	339	147	214	73	157	113	173	202	265	163.92	114	213	1.935	0.952	3.418	0.000630064010585245	0.0106767425853872	0.0329	0.065	0.0488	0.0488	TRUE	NA
FBtr0303710	894	206	252	1817	308	486	462	308	355	929	423	603	513.37	375	652	1.696	0.762	3.411	0.000647326059722877	0.0109077465951434	0.029	0.0381	0.0334	0.0334	TRUE	NA
FBtr0072667	1165	459	538	1636	716	905	602	687	758	836	984	1123	831.66	682	981	1.434	0.52	3.408	0.000655144633585776	0.0109983777872919	0.0032	0.0333	0.0155	0.0155	TRUE	NA
FBtr0080382	13	6	4	62	31	18	7	9	6	32	43	22	19.66	7	32	4.551	2.186	3.404	0.000665253038751153	0.0111266347761441	0	0.3545	0.2058	0.2058	TRUE	NA
FBtr0306651	1146	371	418	1383	760	959	592	556	589	707	1045	1190	779.59	579	981	1.652	0.725	3.395	0.000686372574913688	0.0114586088200868	0.0292	0.0338	0.0314	0.0314	TRUE	NA
FBtr0100338	116	54	79	346	106	154	60	81	111	177	146	191	127.61	84	171	2.103	1.072	3.389	0.000701520601296893	0.0116682808499843	0.0492	0.0762	0.0627	0.0627	TRUE	NA
FBtr0100508	13	9	5	56	28	28	7	13	7	29	38	35	21.51	9	34	3.824	1.935	3.372	0.000746254889170718	0.0123440143594019	0	0.3262	0.1633	0.1633	TRUE	NA
FBtr0302594	17	8	9	24	60	77	9	12	13	12	82	96	37.28	11	63	4.17	2.06	3.366	0.000763110727094658	0.0125997128292277	0.2366	0.199	0.2168	0.2168	TRUE	NA
FBtr0077198	4464	1488	1588	5667	2212	2463	2307	2228	2236	2896	3041	3055	2627.27	2257	2997	1.327	0.408	3.365	0.000765601238130844	0.0126177242445147	6e-04	0.028	0.0102	0.0102	TRUE	NA
FBtr0340093	2311	846	856	2840	1379	1544	1194	1267	1205	1452	1896	1915	1488.15	1222	1754	1.422	0.508	3.364	0.000768004009961208	0.0126342265507305	0.0063	0.0299	0.0157	0.0157	TRUE	NA
FBtr0346627	301	82	79	738	148	132	156	123	111	377	203	164	188.99	130	248	1.841	0.88	3.352	0.000803663127505724	0.013172769262662	0.0273	0.0598	0.0426	0.0426	TRUE	NA
FBtr0080884	2005	588	763	2752	1048	1153	1036	881	1075	1407	1441	1430	1211.41	997	1426	1.429	0.515	3.349	0.000812470402844002	0.013292959494807	0.0053	0.0309	0.0161	0.0161	TRUE	NA
FBtr0346347	9492	1280	1355	12112	1962	2038	4905	1917	1908	6190	2697	2528	3357.57	2910	3805	1.329	0.411	3.331	0.000864015101414853	0.0140344074581169	0.0011	0.0275	0.0105	0.0105	TRUE	NA
FBtr0072061	621	307	334	1224	518	480	321	460	470	626	712	595	530.67	417	644	1.573	0.653	3.33	0.00086838856567866	0.0140800771935128	0.0159	0.0377	0.0256	0.0256	TRUE	NA
FBtr0303819	7	5	2	70	16	16	4	7	3	36	22	20	15.26	5	26	5.784	2.532	3.322	0.000892403262754708	0.0144434747104734	0.0787	0.4494	0.2752	0.2752	TRUE	NA
FBtr0100559	397	169	195	632	266	380	205	253	275	323	366	471	315.48	244	387	1.583	0.662	3.305	0.00095095452502833	0.0152813815385568	0.0089	0.046	0.0254	0.0254	TRUE	NA
FBtr0330164	177	48	29	556	73	83	91	72	41	284	100	103	115.28	68	162	2.214	1.147	3.3	0.000967244076862318	0.0155154899518039	0.0634	0.0816	0.0732	0.0732	TRUE	NA
FBtr0083555	20	11	8	66	26	44	10	16	11	34	36	55	27.02	12	42	3.268	1.708	3.295	0.00098363887745778	0.0157504520076055	0	0.2649	0.1396	0.1396	TRUE	NA
FBtr0071562	180	47	59	312	99	119	93	70	83	159	136	148	114.94	82	148	1.796	0.845	3.294	0.000986539418582145	0.0157688880470178	0	0.0818	0.037	0.037	TRUE	NA
FBtr0073135	53	21	25	198	42	60	27	31	35	101	58	74	54.57	31	78	2.501	1.322	3.291	0.000999231208704053	0.0158872475246332	0.0424	0.1441	0.0916	0.0916	TRUE	NA
FBtr0075264	450	246	215	979	328	419	233	368	303	500	451	520	395.78	301	490	1.659	0.73	3.291	0.000998447585495473	0.0158872475246332	0.0245	0.0419	0.0326	0.0326	TRUE	NA
FBtr0340632	269	107	109	415	203	196	139	160	154	212	279	243	197.84	151	245	1.612	0.689	3.29	0.00100119003931384	0.0158903665570673	0	0.0582	0.026	0.026	TRUE	NA
FBtr0329985	1431	637	536	2178	909	955	739	954	755	1113	1250	1185	999.25	816	1183	1.452	0.538	3.282	0.00103207428381891	0.0162944827821848	0.0075	0.032	0.0183	0.0183	TRUE	NA
FBtr0081276	337	91	92	625	156	155	174	136	130	319	214	192	194.35	147	242	1.638	0.712	3.278	0.00104475185243397	0.0164658006113501	0.003	0.0588	0.0277	0.0277	TRUE	NA
FBtr0337016	30	8	8	113	48	19	16	12	11	58	66	24	31.01	13	49	3.796	1.924	3.277	0.00104739477913094	0.0164786456088401	0.1532	0.2341	0.1932	0.1932	TRUE	NA
FBtr0075395	286	107	145	541	195	236	148	160	204	277	268	293	224.92	171	279	1.649	0.722	3.267	0.00108865055797812	0.0170681474437788	0.0082	0.0543	0.0302	0.0302	TRUE	NA
FBtr0074302	13	157	227	61	332	373	7	235	320	31	456	463	251.95	187	317	2.132	1.092	3.262	0.00110557825119748	0.0172678376941986	0.0947	0.0512	0.0688	0.0688	TRUE	NA
FBtr0082591	1026	422	513	1523	652	801	530	632	722	778	896	994	758.8	628	889	1.42	0.506	3.262	0.00110713368688262	0.0172678376941986	0.003	0.0341	0.0159	0.0159	TRUE	NA
FBtr0329862	734	212	300	1020	442	507	379	317	422	521	608	629	479.51	373	586	1.561	0.642	3.263	0.00110403608697478	0.0172678376941986	0.0137	0.039	0.0256	0.0256	TRUE	NA
FBtr0082142	326	141	150	541	216	269	168	211	211	277	297	334	249.66	197	303	1.545	0.628	3.257	0.00112676722250547	0.0175437072726888	0	0.0514	0.0223	0.0223	TRUE	NA
FBtr0085895	616	168	151	1183	261	252	318	252	213	605	359	313	343.09	261	426	1.596	0.675	3.25	0.00115590428414188	0.0179663398647226	0.013	0.0444	0.0273	0.0273	TRUE	NA
FBtr0308823	42	7	9	91	35	36	22	10	13	47	48	45	30.69	15	47	3.104	1.634	3.249	0.0011592697263075	0.0179876361147369	0	0.2363	0.1334	0.1334	TRUE	NA
FBtr0310058	153	20	24	372	45	47	79	30	34	190	62	58	75.52	48	103	2.089	1.063	3.248	0.00116216317379098	0.0180015481301128	0.0079	0.1112	0.0556	0.0556	TRUE	NA
FBtr0343371	741	1162	1148	1121	1993	1698	383	1740	1617	573	2740	2106	1526.42	1247	1806	1.461	0.547	3.246	0.00117124751186551	0.0181111429150387	0.0121	0.0298	0.0196	0.0196	TRUE	NA
FBtr0339071	359	226	274	866	357	432	186	338	386	443	491	536	396.5	303	490	1.691	0.758	3.243	0.00118263310955244	0.0182558861003685	0.0318	0.0418	0.0366	0.0366	TRUE	NA
FBtr0076797	75	27	22	255	55	49	39	40	31	130	76	61	62.81	37	89	2.369	1.244	3.241	0.00119065719283375	0.0183483326382843	0.0416	0.1285	0.0839	0.0839	TRUE	NA
FBtr0072909	53	62	85	207	140	136	27	93	120	106	192	169	117.81	80	156	2.223	1.152	3.234	0.00122200360044426	0.018751568898693	0	0.0804	0.0809	0.0809	TRUE	NA
FBtr0334454	501	119	67	1186	227	163	259	178	94	606	312	202	275.31	177	373	2.037	1.026	3.233	0.00122306406127914	0.018751568898693	0.0889	0.049	0.067	0.067	TRUE	NA
FBtr0085631	979	233	277	1615	368	408	506	349	390	825	506	506	513.71	415	612	1.458	0.544	3.221	0.0012757803582855	0.0194934914066843	0.0039	0.0381	0.0182	0.0182	TRUE	NA
FBtr0310668	97	27	32	150	88	85	50	40	45	77	121	105	73.11	45	101	2.16	1.111	3.209	0.00133032032494327	0.0202204512930309	0.029	0.114	0.0696	0.0696	TRUE	NA
FBtr0073068	261	113	151	399	237	244	135	169	213	204	326	303	224.85	172	278	1.596	0.675	3.204	0.0013539639240723	0.0205142601269105	0.0015	0.0543	0.027	0.027	TRUE	NA
FBtr0077672	438	47	37	796	69	112	226	70	52	407	95	139	164.91	116	214	1.867	0.901	3.203	0.00135827913103494	0.0205451113528188	0.0228	0.0648	0.0459	0.0459	TRUE	NA
FBtr0333520	400	81	133	750	183	206	207	121	187	383	252	256	234.28	172	297	1.715	0.779	3.197	0.00139085722636586	0.0207936615185543	0.02	0.0531	0.0374	0.0374	TRUE	NA
FBtr0073691	640	250	317	1072	415	461	331	374	446	548	570	572	473.62	384	563	1.479	0.564	3.183	0.00145742929227945	0.0216097451807554	0.0056	0.0392	0.0203	0.0203	TRUE	NA
FBtr0070568	874	327	379	1475	474	596	452	490	534	754	652	739	603.3	492	715	1.46	0.546	3.176	0.001494953454382	0.0220572919660454	0.0071	0.0363	0.0194	0.0194	TRUE	NA
FBtr0332710	35	13	7	110	22	70	18	19	10	56	30	87	36.78	16	58	3.651	1.868	3.172	0.00151507105669289	0.0223175908105987	0.2109	0.2014	0.2058	0.2058	TRUE	NA
FBtr0301308	1338	460	504	1709	711	865	691	689	710	873	977	1073	835.64	697	974	1.392	0.477	3.162	0.00156843634180401	0.0230284260934254	0.0031	0.0333	0.0151	0.0151	TRUE	NA
FBtr0343527	87	38	34	313	56	87	45	57	48	160	77	108	82.44	50	115	2.278	1.188	3.161	0.00157498466075657	0.0230869702710902	0.0675	0.104	0.0855	0.0855	TRUE	NA
FBtr0084273	323	146	149	493	287	245	167	219	210	252	395	304	257.63	199	317	1.586	0.665	3.158	0.00158683478193034	0.023222914868672	0.0091	0.0506	0.0277	0.0277	TRUE	NA
FBtr0339959	39	58	52	415	112	105	20	87	73	212	154	130	112.76	60	165	3.124	1.644	3.157	0.00159542792264676	0.0233108309929668	0.3048	0.0829	0.1828	0.1828	TRUE	NA
FBtr0079608	3958	1450	1483	5352	2018	2170	2045	2171	2088	2735	2774	2692	2417.71	2101	2734	1.301	0.38	3.152	0.00162393017516053	0.0235744452964126	0	0.0282	0.01	0.01	TRUE	NA
FBtr0076983	670	164	256	1067	374	373	346	246	361	545	514	463	412.41	318	507	1.598	0.676	3.147	0.00164740992949718	0.0238768497016352	0.0212	0.0412	0.0304	0.0304	TRUE	NA
FBtr0076010	1314	454	541	1713	741	843	679	680	762	876	1019	1046	843.42	707	980	1.38	0.465	3.144	0.00166756512426029	0.0241301759152593	0.0018	0.0332	0.0145	0.0145	TRUE	NA
FBtr0072994	135	82	70	504	112	160	70	123	99	258	154	198	150.19	97	203	2.129	1.09	3.142	0.0016795461293868	0.0242645967250352	0.0885	0.0686	0.0784	0.0784	TRUE	NA
FBtr0079666	73	38	97	61	585	414	38	57	137	31	804	514	263.35	77	450	3.582	1.841	3.141	0.00168353835788665	0.0242833572741571	0.5209	0.0501	0.2384	0.2384	TRUE	NA
FBtr0299615	786	435	412	1044	638	717	406	651	580	534	877	889	656.29	546	767	1.392	0.477	3.133	0.00173051818614829	0.0248813739204574	0.001	0.0354	0.0151	0.0151	TRUE	NA
FBtr0339303	241	175	223	838	282	365	125	262	314	428	388	453	328.22	234	423	1.943	0.958	3.116	0.00183125550617946	0.0261214689686833	0.0853	0.0452	0.0645	0.0645	TRUE	NA
FBtr0332720	39	13	19	86	39	59	20	19	27	44	54	73	39.52	22	57	2.517	1.332	3.113	0.00185071801188769	0.0263573821124289	0.0109	0.1892	0.0993	0.0993	TRUE	NA
FBtr0305699	759	276	205	1246	457	399	392	413	289	637	628	495	475.7	365	587	1.608	0.686	3.113	0.00185492080877941	0.0263755695443949	0.0271	0.0391	0.0325	0.0325	TRUE	NA
FBtr0076758	325	69	91	522	166	143	168	103	128	267	228	177	178.63	133	224	1.687	0.755	3.111	0.001862641811799	0.0264020690776226	0.0101	0.0617	0.0356	0.0356	TRUE	NA
FBtr0300383	836	298	317	1023	518	590	432	446	446	523	712	732	548.57	441	656	1.463	0.548	3.095	0.00196711470770299	0.0275558878141521	0.0085	0.0373	0.0206	0.0206	TRUE	NA
FBtr0100501	421	88	91	607	171	167	218	132	128	310	235	207	204.99	159	251	1.591	0.67	3.092	0.00198703685201544	0.027772305768867	0	0.0571	0.0278	0.0278	TRUE	NA
FBtr0345218	666	238	210	1066	317	402	344	356	296	545	436	499	412.59	332	493	1.485	0.571	3.089	0.00200694335943909	0.0280071120516152	0.0057	0.0412	0.0218	0.0218	TRUE	NA
FBtr0333851	582	335	319	709	566	659	301	502	449	362	778	817	534.91	417	652	1.5	0.585	3.088	0.00201184737890995	0.0280321547463265	0.0129	0.0376	0.0238	0.0238	TRUE	NA
FBtr0075999	1092	352	377	1577	665	552	564	527	531	806	914	685	671.2	541	802	1.481	0.567	3.087	0.0020187807077664	0.0280853519761019	0.0127	0.0352	0.0226	0.0226	TRUE	NA
FBtr0310059	131	25	26	238	61	59	68	37	37	122	84	73	70.07	47	93	1.982	0.987	3.083	0.00205174082669236	0.0284560670040487	0	0.1178	0.0551	0.0551	TRUE	NA
FBtr0344967	34	13	12	102	35	32	18	19	17	52	48	40	32.31	18	47	2.617	1.388	3.078	0.00208363439251167	0.0288540154354727	0	0.2257	0.105	0.105	TRUE	NA
FBtr0087728	327	122	145	507	227	223	169	183	204	259	312	277	233.94	185	283	1.525	0.609	3.072	0.0021263628675292	0.0294005540656069	0	0.0532	0.0236	0.0236	TRUE	NA
FBtr0344276	968	36	24	1603	58	62	500	54	34	819	80	77	260.64	196	325	1.719	0.782	3.069	0.00214805574873291	0.0296096675456073	0.004	0.0504	0.033	0.033	TRUE	NA
FBtr0086536	35504	13927	15422	40771	22929	26852	18347	20856	21719	20838	31519	33307	24430.83	20307	28555	1.381	0.466	3.066	0.00217171501498464	0.0297991032878029	0.0103	0.0258	0.0166	0.0166	TRUE	NA
FBtr0308622	616	311	443	636	1121	1101	318	466	624	325	1541	1366	773.27	469	1077	1.946	0.96	3.061	0.0022087582369981	0.0301696295553604	0.1119	0.0339	0.0693	0.0693	TRUE	NA
FBtr0073726	1108	392	409	1456	582	654	573	587	576	744	800	811	681.83	579	785	1.355	0.438	3.056	0.0022429724613864	0.0305444059507528	0	0.035	0.0132	0.0132	TRUE	NA
FBtr0309893	1126	145	248	1606	383	400	582	217	349	821	526	496	498.62	383	614	1.655	0.727	3.05	0.00228692127471454	0.0309558487861135	0.0379	0.0385	0.0382	0.0382	TRUE	NA
FBtr0342939	454	39	91	553	233	252	235	58	128	283	320	313	222.78	140	305	2.38	1.251	3.047	0.00231041720482926	0.0311802561400236	0.1939	0.0546	0.115	0.115	TRUE	NA
FBtr0332409	180	55	69	298	120	118	93	82	97	152	165	146	122.7	91	154	1.696	0.762	3.043	0.00233909101601692	0.0315200381306316	0	0.0782	0.0358	0.0358	TRUE	NA
FBtr0083950	172	50	61	256	115	124	89	75	86	131	158	154	115.4	83	148	1.75	0.808	3.037	0.00238941602343868	0.0319119784463699	0	0.0816	0.041	0.041	TRUE	NA
FBtr0310669	111	32	36	172	82	88	57	48	51	88	113	109	77.63	52	103	1.948	0.962	3.037	0.00238849691853687	0.0319119784463699	0	0.1089	0.057	0.057	TRUE	NA
FBtr0333872	34	0	0	103	13	7	18	0	0	53	18	9	16.13	6	27	9.601	3.263	3.038	0.00238020475282284	0.0319119784463699	0.8504	0.4265	0.476	0.476	TRUE	NA
FBtr0077771	177	64	57	393	101	108	91	96	80	201	139	134	123.54	89	158	1.765	0.82	3.031	0.00243490842707325	0.032471448920215	0.0121	0.0779	0.0429	0.0429	TRUE	NA
FBtr0087731	1459	711	743	2385	913	1291	754	1065	1046	1219	1255	1601	1156.73	955	1358	1.438	0.524	3.031	0.00243923463724262	0.0324810934338881	0.0126	0.0311	0.0206	0.0206	TRUE	NA
FBtr0110818	566	160	267	3194	311	395	292	240	376	1632	428	490	576.34	303	850	2.299	1.201	3.026	0.00247852343165829	0.0328639129060336	0.2098	0.0368	0.1106	0.1106	TRUE	NA
FBtr0332709	31	10	6	77	26	36	16	15	8	39	36	45	26.53	13	40	3.013	1.591	3.026	0.00247891966457048	0.0328639129060336	0	0.2693	0.1448	0.1448	TRUE	NA
FBtr0332790	126	49	60	196	102	133	65	73	84	100	140	165	104.72	74	135	1.78	0.832	3.026	0.00247588786411063	0.0328639129060336	0.0052	0.0873	0.0436	0.0436	TRUE	NA
FBtr0079625	12697	5290	5673	17370	7091	7989	6561	7922	7989	8878	9747	9909	8501.17	7491	9511	1.274	0.349	3.024	0.00249458260614843	0.0330229988170751	9e-04	0.0263	0.0095	0.0095	TRUE	NA
FBtr0310422	439	136	82	788	182	266	227	204	115	403	250	330	254.81	182	328	1.805	0.852	3.023	0.0025000449406542	0.0330467817302018	0.0537	0.0509	0.0522	0.0522	TRUE	NA
FBtr0072982	669	306	253	1265	378	511	346	458	356	647	520	634	493.37	387	600	1.56	0.641	3.019	0.00253731110901154	0.0333924958361154	0.0225	0.0386	0.0302	0.0302	TRUE	NA
FBtr0332604	90	43	35	190	76	80	47	64	49	97	104	99	76.83	53	100	1.898	0.924	3.014	0.00257499570929572	0.0337406777896816	0	0.1097	0.0526	0.0526	TRUE	NA
FBtr0071511	1027	323	356	1306	522	583	531	484	501	668	718	723	603.99	505	703	1.387	0.472	3.013	0.00258382874452043	0.033758330836529	0	0.0362	0.0158	0.0158	TRUE	NA
FBtr0080171	18	29	13	128	68	40	9	43	18	65	93	50	46.59	23	69	3.349	1.744	3.013	0.00258520072512338	0.033758330836529	0.2615	0.1643	0.21	0.21	TRUE	NA
FBtr0343189	125	84	51	392	139	117	65	126	72	200	191	145	133.13	88	179	2.096	1.068	3.012	0.00259197522666774	0.0337668448965458	0.0892	0.0741	0.0813	0.0813	TRUE	NA
FBtr0331308	25	13	13	124	25	37	13	19	18	63	34	46	32.39	17	48	2.901	1.536	3.006	0.00264822248509838	0.0344498206394833	0.0672	0.2252	0.144	0.144	TRUE	NA
FBtr0083057	98511	42314	49704	129927	60070	79388	50906	63366	69997	66406	82574	98471	71953.41	61423	82484	1.34	0.422	3.004	0.00266713021521223	0.0346457909079801	0.0089	0.0256	0.0142	0.0142	TRUE	NA
FBtr0082093	1060	191	314	1596	472	450	548	286	442	816	649	558	549.78	425	674	1.596	0.674	2.999	0.0027050432985859	0.0350341394496027	0.0315	0.0373	0.0342	0.0342	TRUE	NA
FBtr0336451	8	3	4	21	20	29	4	4	6	11	27	36	14.74	5	25	4.513	2.174	2.997	0.00272480938368309	0.0351922014239299	0.0571	0.4642	0.2537	0.2537	TRUE	NA
FBtr0070256	527	175	225	753	300	369	272	262	317	385	412	458	351.03	284	418	1.47	0.556	2.988	0.00280473995926223	0.0359365383713693	0.0029	0.044	0.0218	0.0218	TRUE	NA
FBtr0332728	41	5	6	195	26	10	21	7	8	100	36	12	30.82	12	49	3.635	1.862	2.987	0.00282030439884745	0.0360638924193046	0.1633	0.2354	0.2022	0.2022	TRUE	NA
FBtr0073519	3624	1138	1304	4201	1963	2161	1873	1704	1836	2147	2698	2680	2156.55	1804	2508	1.381	0.466	2.969	0.00298398591080476	0.0378882154731055	0.0094	0.0285	0.0172	0.0172	TRUE	NA
FBtr0076585	2983	1040	1204	3615	1648	1846	1541	1557	1696	1848	2265	2290	1866.21	1598	2134	1.328	0.409	2.965	0.0030289063846888	0.0384044881265395	0.0034	0.029	0.0132	0.0132	TRUE	NA
FBtr0087620	145	166	184	245	264	287	75	249	259	125	363	356	237.79	194	281	1.495	0.58	2.962	0.00306037768253887	0.0386946771501934	0	0.0527	0.0227	0.0227	TRUE	NA
FBtr0301304	532	117	193	816	338	277	275	175	272	417	465	344	324.53	241	409	1.699	0.765	2.961	0.00306641010102505	0.0387166485444549	0.0432	0.0455	0.0444	0.0444	TRUE	NA
FBtr0088396	957	289	497	1965	599	680	495	433	700	1004	823	843	716.4	543	890	1.641	0.715	2.96	0.00307474739212019	0.0387676192167322	0.0463	0.0346	0.0404	0.0404	TRUE	NA
FBtr0079038	812	385	305	1105	593	606	420	577	430	565	815	752	592.88	476	711	1.482	0.567	2.958	0.00309885643208214	0.0389626091146729	0.0146	0.0364	0.0246	0.0246	TRUE	NA
FBtr0309239	1278	338	210	1577	621	713	660	506	296	806	854	884	667.73	487	848	1.785	0.836	2.954	0.00313405770636171	0.0392955914086938	0.0792	0.0352	0.0558	0.0558	TRUE	NA
FBtr0071902	41	30	22	68	83	70	21	45	31	35	114	87	55.46	32	79	2.246	1.167	2.951	0.00316338906615636	0.0396082672658328	0.0366	0.1421	0.0896	0.0896	TRUE	NA
FBtr0078343	572	252	212	938	363	365	296	377	299	479	499	453	400.44	324	477	1.48	0.566	2.948	0.00320239258568722	0.0399855528531445	0.0085	0.0417	0.0238	0.0238	TRUE	NA
FBtr0310550	1016	529	443	1607	661	849	525	792	624	821	909	1053	787.36	647	928	1.445	0.531	2.944	0.00323935332869544	0.040279683114744	0.0126	0.0338	0.022	0.022	TRUE	NA
FBtr0344561	150	75	85	1034	153	118	78	112	120	528	210	146	199.12	103	295	2.513	1.329	2.944	0.00323761337975245	0.040279683114744	0.2398	0.058	0.1391	0.1391	TRUE	NA
FBtr0345290	79	79	104	178	129	203	41	118	146	91	177	252	137.61	102	173	1.801	0.849	2.937	0.00331262023290681	0.0410778137758987	0.0319	0.0725	0.0515	0.0515	TRUE	NA
FBtr0085571	2646	981	1192	3330	1527	1895	1367	1469	1679	1702	2099	2351	1777.77	1505	2051	1.354	0.437	2.933	0.00335690794517679	0.0415694026452867	0.0061	0.0292	0.0154	0.0154	TRUE	NA
FBtr0334953	67	3	9	362	27	9	35	4	13	185	37	11	47.51	17	78	3.656	1.87	2.925	0.00344188163398062	0.0424467345148225	0.314	0.1616	0.2213	0.2213	TRUE	NA
FBtr0310673	268	24	33	301	100	128	138	36	46	154	137	159	111.83	73	150	2.361	1.24	2.923	0.00346814566258954	0.0427122037544327	0.1526	0.0834	0.1161	0.1161	TRUE	NA
FBtr0071599	278	171	118	835	221	254	144	256	166	427	304	315	268.59	189	349	1.866	0.9	2.919	0.00351481428172193	0.0430720324883291	0.0795	0.0496	0.064	0.064	TRUE	NA
FBtr0088391	11208	4826	5261	14056	6646	7437	5792	7227	7409	7184	9136	9225	7662.05	6809	8515	1.25	0.322	2.919	0.00351647431074989	0.0430720324883291	0	0.0264	0.0086	0.0086	TRUE	NA
FBtr0307112	509	155	136	729	260	245	263	232	192	373	357	304	286.76	229	345	1.507	0.592	2.918	0.00352285754223159	0.0430916699365234	0.0056	0.0481	0.0256	0.0256	TRUE	NA
FBtr0111245	39	88	51	948	170	104	20	132	72	485	234	129	178.49	75	283	3.839	1.941	2.917	0.00352976050295196	0.0431176028917505	0.6589	0.0618	0.3094	0.3094	TRUE	NA
FBtr0344155	2279	362	332	2886	525	603	1178	542	468	1475	722	748	855.33	729	982	1.38	0.464	2.916	0.00355100594580044	0.0433184284186617	0.0043	0.0331	0.0167	0.0167	TRUE	NA
FBtr0083228	343	114	129	410	308	263	177	171	182	210	423	326	248.13	177	320	1.737	0.796	2.914	0.00357060065899529	0.0434219235299999	0.0469	0.0516	0.0492	0.0492	TRUE	NA
FBtr0086910	1437	617	738	2127	925	1009	743	924	1039	1087	1272	1252	1052.67	902	1204	1.344	0.426	2.907	0.00364616033416513	0.0441066221917305	0.0031	0.0317	0.0145	0.0145	TRUE	NA
FBtr0304007	889	329	266	1277	456	510	459	493	375	653	627	633	539.8	442	638	1.442	0.528	2.906	0.00366052972695033	0.0441762724075732	0.0085	0.0375	0.0217	0.0217	TRUE	NA
FBtr0340455	246	358	280	1005	449	555	127	536	394	514	617	688	479.47	352	606	1.984	0.988	2.906	0.00366663854405089	0.0441908375329128	0.1318	0.039	0.0809	0.0809	TRUE	NA
FBtr0330225	155	24	28	249	66	62	80	36	39	127	91	77	75.06	52	98	1.943	0.959	2.904	0.00368460987677406	0.0442890107188242	0	0.1117	0.0606	0.0606	TRUE	NA
FBtr0332643	1061	306	397	1380	535	622	548	458	559	705	735	772	629.64	522	737	1.41	0.496	2.901	0.00372019838558556	0.0446572416059305	0.0057	0.0358	0.0193	0.0193	TRUE	NA
FBtr0082279	2200	772	876	2869	1162	1224	1137	1156	1234	1466	1597	1518	1351.42	1176	1527	1.299	0.377	2.896	0.00378113943136804	0.0451847690001394	0	0.0303	0.0114	0.0114	TRUE	NA
FBtr0331520	219	127	98	290	209	314	113	190	138	148	287	389	211.06	147	275	1.768	0.822	2.894	0.00380154387309726	0.0453319021375288	0.0492	0.0562	0.0527	0.0527	TRUE	NA
FBtr0079061	42	5	16	116	40	30	22	7	23	59	55	37	33.87	17	50	2.923	1.547	2.892	0.0038324630292442	0.0453407535546411	0.0738	0.2165	0.1622	0.1622	TRUE	NA
FBtr0302442	2421	826	1067	4462	1181	1625	1251	1237	1503	2281	1623	2016	1651.71	1330	1973	1.478	0.564	2.893	0.00381739891169104	0.0453407535546411	0.0273	0.0295	0.0267	0.0267	TRUE	NA
FBtr0339695	493	114	152	630	260	264	255	171	214	322	357	327	274.4	213	335	1.574	0.655	2.892	0.00383203268366207	0.0453407535546411	0.018	0.0491	0.0327	0.0327	TRUE	NA
FBtr0082073	806	285	343	1079	458	519	417	427	483	551	630	644	525.19	442	608	1.372	0.457	2.881	0.00396209759612261	0.0465082159232361	0	0.0379	0.016	0.016	TRUE	NA
FBtr0078079	13	9	9	102	28	18	7	13	13	52	38	22	24.3	11	37	3.574	1.838	2.879	0.00398527804134528	0.0466588071983477	0.1672	0.2916	0.2279	0.2279	TRUE	NA
FBtr0300248	82	32	23	175	61	58	42	48	32	89	84	72	61.32	41	82	2.005	1.004	2.879	0.00399360766149348	0.0466956849135717	0	0.131	0.0677	0.0677	TRUE	NA
FBtr0339672	71	25	24	136	47	72	37	37	34	70	65	89	55.23	36	75	2.059	1.042	2.877	0.00400984362920031	0.0468247931570477	0	0.1426	0.0726	0.0726	TRUE	NA
FBtr0347068	86	19	19	150	51	50	44	28	27	77	70	62	51.41	33	70	2.101	1.071	2.876	0.00403190693130905	0.0469607764673786	0	0.1513	0.0752	0.0752	TRUE	NA
FBtr0342577	94	91	118	553	163	180	49	136	166	283	224	223	180.17	117	243	2.311	1.209	2.869	0.00411678214438871	0.0477028162360723	0.1921	0.0614	0.1211	0.1211	TRUE	NA
FBtr0085216	148	52	48	220	92	134	76	78	68	112	126	166	104.51	74	135	1.796	0.845	2.866	0.00415378238106558	0.0480697665793405	0.0191	0.0874	0.0516	0.0516	TRUE	NA
FBtr0072160	142	51	49	248	85	102	73	76	69	127	117	127	98.15	73	124	1.695	0.761	2.86	0.00423262585258384	0.0488567503982629	0	0.0914	0.0394	0.0394	TRUE	NA
FBtr0344971	5179	1670	1557	9911	2196	2324	2676	2501	2193	5066	3019	2883	3056.11	2457	3656	1.442	0.529	2.859	0.00425337884240567	0.0489708943349771	0.0214	0.0277	0.0242	0.0242	TRUE	NA
FBtr0083657	798	497	397	1709	574	805	412	744	559	873	789	999	729.46	572	887	1.589	0.668	2.85	0.00437358360347955	0.0499719343287302	0.0416	0.0344	0.038	0.038	TRUE	NA
