Id	Ctrl1	Ctrl3	Ctrl4	RNAi1	RNAi3	RNAi4	norm.Ctrl1	norm.Ctrl3	norm.Ctrl4	norm.RNAi1	norm.RNAi3	norm.RNAi4	baseMean	Untreated	RNAi	FoldChange	log2FoldChange	stat	pvalue	padj	dispGeneEst	dispFit	dispMAP	dispersion	betaConv	maxCooks
FBtr0300190	2405	797	746	111	24	47	1243	1194	1051	57	33	58	605.82	1163	49	0.043	-4.548	-19.312	4.25786624203578e-83	9.59616604298815e-80	0.0132	0.0362	0.0292	0.0292	TRUE	NA
FBtr0074337	2035	1505	1138	148	85	70	1052	2254	1603	76	117	87	864.55	1636	93	0.059	-4.089	-16.921	3.13799379145462e-64	4.71483567166057e-61	0.0403	0.033	0.0365	0.0365	TRUE	NA
FBtr0111030	6171	1226	985	666	132	170	3189	1836	1387	340	181	211	1190.78	2137	244	0.116	-3.105	-16.141	1.31147860521812e-58	1.47787245325517e-55	0.0179	0.031	0.0239	0.0239	TRUE	NA
FBtr0070985	1416	399	365	105	37	37	732	598	514	54	51	46	332.28	615	50	0.081	-3.622	-16.088	3.09476611320874e-58	3.09992405673075e-55	0.0075	0.045	0.0254	0.0254	TRUE	NA
FBtr0085755	767	320	331	46	14	28	396	479	466	24	19	35	236.53	447	26	0.058	-4.101	-15.041	3.97168966652148e-51	3.58047823436912e-48	0	0.0529	0.0337	0.0337	TRUE	NA
FBtr0302694	3011	1194	1189	564	253	314	1556	1788	1674	288	348	389	1007.33	1673	342	0.203	-2.301	-14.959	1.36911583888926e-50	1.12205266250788e-47	0.0031	0.032	0.0152	0.0152	TRUE	NA
FBtr0310637	676	489	516	74	44	34	349	732	727	38	60	42	324.79	603	47	0.082	-3.608	-14	1.55186391413152e-44	1.07615793737659e-41	0.0256	0.0455	0.0367	0.0367	TRUE	NA
FBtr0073421	11202	3237	3837	126	32	151	5789	4847	5404	64	44	187	2722.57	5347	98	0.018	-5.807	-13.16	1.48599010534372e-39	8.93080053311574e-37	0.326	0.0279	0.135	0.135	TRUE	NA
FBtr0089484	1395	442	447	213	51	49	721	662	630	109	70	61	375.34	671	80	0.118	-3.086	-12.885	5.47506995995323e-38	3.08485973056115e-35	0	0.0428	0.0338	0.0338	TRUE	NA
FBtr0078144	10951	3766	2397	1164	483	449	5659	5640	3376	595	664	557	2748.35	4892	605	0.124	-3.008	-12.459	1.24470736734851e-35	5.90580890349832e-33	0.0546	0.0279	0.041	0.041	TRUE	NA
FBtr0299968	2277	879	1073	492	294	283	1177	1316	1511	251	404	351	835.11	1335	335	0.247	-2.016	-11.47	1.87458505661761e-30	8.04732585019416e-28	0.0101	0.0333	0.0203	0.0203	TRUE	NA
FBtr0072087	1737	669	614	434	159	140	898	1002	865	222	219	174	563.03	922	205	0.222	-2.168	-11.359	6.69597254383433e-30	2.74382693103029e-27	0.0109	0.037	0.0231	0.0231	TRUE	NA
FBtr0308065	2958	770	925	935	214	264	1529	1153	1303	478	294	327	847.3	1328	366	0.273	-1.874	-11.034	2.61010106805857e-28	1.02304613602383e-25	0.0078	0.0332	0.0188	0.0188	TRUE	NA
FBtr0087295	2017	574	676	724	218	235	1042	860	952	370	300	291	635.84	951	320	0.336	-1.572	-9.974	1.98132037779945e-23	6.86984738687002e-21	0	0.0357	0.0156	0.0156	TRUE	NA
FBtr0071934	2632	870	1155	680	347	348	1360	1303	1627	348	477	432	924.28	1430	419	0.29	-1.785	-9.957	2.34196041873123e-23	7.81954562031927e-21	0.013	0.0325	0.0216	0.0216	TRUE	NA
FBtr0073423	3319	583	819	387	113	51	1715	873	1153	198	155	63	692.99	1247	139	0.11	-3.182	-9.947	2.59750018299021e-23	8.36302291059169e-21	0.1209	0.0349	0.0689	0.0689	TRUE	NA
FBtr0112851	2172	620	628	735	213	187	1122	928	884	376	293	232	639.28	978	300	0.305	-1.715	-9.648	4.98871531672505e-22	1.49910895267588e-19	0.0066	0.0357	0.0203	0.0203	TRUE	NA
FBtr0077234	5787	2196	2096	2058	925	1043	2990	3289	2952	1052	1272	1294	2141.31	3077	1206	0.39	-1.359	-9.644	5.22633765248188e-22	1.51985270764917e-19	0.0044	0.0286	0.0137	0.0137	TRUE	NA
FBtr0344980	3769	1765	1589	1402	538	520	1948	2643	2238	717	740	645	1488.27	2276	701	0.31	-1.69	-9.634	5.72858712629811e-22	1.6138504044868e-19	0.0145	0.0299	0.0212	0.0212	TRUE	NA
FBtr0334867	2134	498	661	115	48	111	1103	746	931	59	66	138	506.97	927	88	0.092	-3.439	-9.624	6.30402376842948e-22	1.72214467492096e-19	0.1521	0.0383	0.0855	0.0855	TRUE	NA
FBtr0089963	1929	493	465	457	165	170	997	738	655	234	227	211	510.2	797	224	0.283	-1.821	-9.511	1.88635661536379e-21	5.00161908456016e-19	0.0115	0.0382	0.0233	0.0233	TRUE	NA
FBtr0333662	1167	526	369	279	70	85	603	788	520	143	96	105	375.78	637	115	0.18	-2.476	-9.306	1.33090826358278e-20	3.3328161100552e-18	0.0489	0.0427	0.0456	0.0456	TRUE	NA
FBtr0089361	1070	395	364	354	105	126	553	592	513	181	144	156	356.44	553	160	0.291	-1.779	-9.091	9.82071932561842e-20	2.32983644001184e-17	0	0.0437	0.0234	0.0234	TRUE	NA
FBtr0080565	3579	732	977	1258	301	371	1849	1096	1376	643	414	460	973.07	1440	506	0.351	-1.508	-8.903	5.44045536372322e-19	1.22614262759912e-16	0.0092	0.0322	0.0191	0.0191	TRUE	NA
FBtr0303384	3045	1221	589	552	125	122	1574	1828	829	282	172	151	806.12	1410	202	0.139	-2.848	-8.847	8.993968618686e-19	1.97757627066962e-16	0.1085	0.0336	0.0714	0.0714	TRUE	NA
FBtr0082139	749	168	148	94	30	41	387	252	208	48	41	51	164.53	282	47	0.167	-2.578	-8.788	1.52369908245309e-18	3.27051124483682e-16	0.0321	0.0648	0.0485	0.0485	TRUE	NA
FBtr0307289	1257	577	579	209	185	130	650	864	815	107	254	161	475.23	776	174	0.215	-2.216	-8.778	1.66401795731443e-18	3.48863299655572e-16	0.0458	0.0391	0.0423	0.0423	TRUE	NA
FBtr0087307	1934	837	913	707	302	247	999	1253	1286	361	415	306	770.24	1179	361	0.309	-1.696	-8.681	3.93261595016008e-18	8.05739381606663e-16	0.0181	0.0339	0.0256	0.0256	TRUE	NA
FBtr0113113	1036	245	293	234	89	92	535	367	413	120	122	114	278.49	438	119	0.271	-1.883	-8.675	4.12974987635648e-18	8.27326558563416e-16	0.0112	0.0488	0.0282	0.0282	TRUE	NA
FBtr0306917	38996	16464	20467	16882	8751	10132	20151	24655	28823	8628	12029	12567	17809.2	24543	11075	0.449	-1.155	-8.658	4.80133692258897e-18	9.40957659937816e-16	0.0049	0.0259	0.0128	0.0128	TRUE	NA
FBtr0070457	2875	973	879	1230	375	425	1486	1457	1238	629	515	527	975.32	1394	557	0.399	-1.325	-8.59	8.70448390467981e-18	1.66959409363167e-15	0.0046	0.0322	0.0158	0.0158	TRUE	NA
FBtr0075077	914	253	196	203	28	49	472	379	276	104	38	61	221.7	376	68	0.175	-2.516	-8.565	1.07756126020253e-17	2.02379474181787e-15	0.0486	0.0547	0.0519	0.0519	TRUE	NA
FBtr0345022	3256	20686	19594	1301	9328	8110	1683	30978	27594	665	12823	10059	13966.88	20085	7849	0.392	-1.351	-8.535	1.40589366655726e-17	2.53482628080274e-15	0.012	0.026	0.0178	0.0178	TRUE	NA
FBtr0073269	6532	1621	1471	2434	291	365	3375	2427	2072	1244	400	453	1661.88	2625	699	0.237	-2.074	-8.506	1.80326980928653e-17	3.1875445746506e-15	0.0543	0.0294	0.0416	0.0416	TRUE	NA
FBtr0329957	1727	847	995	765	322	356	892	1268	1401	391	443	442	806.21	1187	425	0.365	-1.455	-8.45	2.9091077028316e-17	4.9482275360428e-15	0.0096	0.0336	0.0197	0.0197	TRUE	NA
FBtr0087533	10009	3583	3867	3701	1795	2072	5172	5366	5446	1892	2467	2570	3818.79	5328	2310	0.43	-1.219	-8.437	3.26365748430785e-17	5.44849485574728e-15	0.0066	0.0272	0.0147	0.0147	TRUE	NA
FBtr0344981	3763	509	490	273	116	118	1945	762	690	140	159	146	640.36	1132	148	0.147	-2.77	-8.366	5.96554259414904e-17	9.77806663386428e-15	0.123	0.0356	0.0747	0.0747	TRUE	NA
FBtr0089359	872	163	174	152	42	56	451	244	245	78	58	69	190.77	313	68	0.223	-2.166	-8.33	8.05191321469012e-17	1.29621424340056e-14	0.0196	0.0594	0.0388	0.0388	TRUE	NA
FBtr0112532	266	48	85	11	1	1	137	72	120	6	1	1	56.21	110	3	0.026	-5.253	-8.212	2.16811628257641e-16	3.36992556679764e-14	0	0.1406	0.1253	0.1253	TRUE	NA
FBtr0345142	7839	1845	1901	3318	892	769	4051	2763	2677	1696	1226	954	2227.79	3164	1292	0.407	-1.298	-8.18	2.84740549292607e-16	4.20809188831614e-14	0.0092	0.0284	0.0175	0.0175	TRUE	NA
FBtr0080932	703	221	329	129	50	86	363	331	463	66	69	107	233.15	386	81	0.206	-2.277	-8.156	3.46479132868071e-16	4.95795140127882e-14	0.043	0.0533	0.0485	0.0485	TRUE	NA
FBtr0332500	3925	1171	1050	1639	436	563	2028	1754	1479	838	599	698	1232.65	1754	712	0.406	-1.302	-8.156	3.45674189428583e-16	4.95795140127882e-14	0.0073	0.0308	0.0173	0.0173	TRUE	NA
FBtr0082039	75	122	191	10	23	18	39	183	269	5	32	22	91.58	164	20	0.122	-3.031	-7.981	1.44903746024027e-15	2.00970349293323e-13	0.0383	0.0962	0.0681	0.0681	TRUE	NA
FBtr0078083	3964	778	909	1152	286	424	2048	1165	1280	589	393	526	1000.24	1498	503	0.343	-1.544	-7.878	3.32518030715464e-15	4.47410454761181e-13	0.021	0.032	0.0262	0.0262	TRUE	NA
FBtr0072561	489	144	169	85	42	50	253	216	238	43	58	62	144.92	236	54	0.226	-2.147	-7.842	4.43564266123606e-15	5.79526356391928e-13	0.0152	0.0702	0.0423	0.0423	TRUE	NA
FBtr0302692	3397	574	578	566	190	228	1755	860	814	289	261	283	710.37	1143	278	0.258	-1.956	-7.803	6.03854793543483e-15	7.6672548785838e-13	0.0509	0.0346	0.0427	0.0427	TRUE	NA
FBtr0070393	620	205	228	153	71	86	320	307	321	78	98	107	205.16	316	94	0.293	-1.77	-7.712	1.23824433089648e-14	1.51504034391795e-12	0	0.0571	0.0309	0.0309	TRUE	NA
FBtr0446106	218	189	186	60	26	30	113	283	262	31	36	37	126.87	219	35	0.173	-2.534	-7.65	2.006773605799e-14	2.4121418741704e-12	0.0488	0.0765	0.0629	0.0629	TRUE	NA
FBtr0302322	194	183	185	35	55	51	100	274	261	18	76	63	131.93	212	52	0.23	-2.118	-7.64	2.17410572588779e-14	2.57888988406295e-12	0.0096	0.0746	0.0419	0.0419	TRUE	NA
FBtr0307057	348	183	272	85	62	73	180	274	383	43	85	91	176.02	279	73	0.258	-1.953	-7.599	2.97989537400114e-14	3.48879958397666e-12	0.0186	0.0623	0.0388	0.0388	TRUE	NA
FBtr0087789	449	150	170	108	42	59	232	225	239	55	58	73	147.03	232	62	0.265	-1.915	-7.588	3.24385781195567e-14	3.74915104804876e-12	0	0.0695	0.0355	0.0355	TRUE	NA
FBtr0087115	234	75	81	40	9	10	121	112	114	20	12	12	65.42	116	15	0.132	-2.923	-7.58	3.44521840776488e-14	3.88233049325004e-12	0	0.1244	0.0694	0.0694	TRUE	NA
FBtr0300599	1517	296	426	533	122	150	784	443	600	272	168	186	408.88	609	209	0.342	-1.547	-7.498	6.46044159620428e-14	7.10254646216848e-12	0.0146	0.0414	0.027	0.027	TRUE	NA
FBtr0076771	1119	510	535	350	242	200	578	764	753	179	333	248	475.84	698	253	0.356	-1.492	-7.453	9.15476841396534e-14	9.82502824427352e-12	0.0142	0.0391	0.0261	0.0261	TRUE	NA
FBtr0078937	873	467	518	398	174	222	451	699	729	203	239	275	432.99	626	239	0.39	-1.36	-7.409	1.27474302126467e-13	1.35197745137659e-11	0.0062	0.0405	0.0213	0.0213	TRUE	NA
FBtr0308254	6184	1033	736	1052	322	287	3196	1547	1036	538	443	356	1185.89	1926	446	0.252	-1.991	-7.38	1.5844196170924e-13	1.64178653426298e-11	0.0727	0.031	0.0508	0.0508	TRUE	NA
FBtr0079708	1154	377	462	492	158	207	596	565	651	251	217	257	422.82	604	242	0.401	-1.318	-7.21	5.59651825036214e-13	5.66883281202412e-11	0.0044	0.0408	0.021	0.021	TRUE	NA
FBtr0310647	2609	1056	810	951	205	150	1348	1581	1141	486	282	186	837.37	1357	318	0.221	-2.179	-7.181	6.91708510882741e-13	6.92861358400879e-11	0.1012	0.0333	0.0641	0.0641	TRUE	NA
FBtr0089877	1391	371	390	498	162	209	719	556	549	255	223	259	426.68	608	246	0.405	-1.304	-7.101	1.23773439412929e-12	1.18703995351867e-10	0.0059	0.0407	0.0212	0.0212	TRUE	NA
FBtr0309828	1663	834	700	379	305	353	859	1249	986	194	419	438	690.82	1031	350	0.321	-1.639	-7.038	1.95485676062065e-12	1.81680759762836e-10	0.0392	0.0349	0.0371	0.0371	TRUE	NA
FBtr0330186	4343	1234	1068	1951	566	662	2244	1848	1504	997	778	821	1365.43	1865	865	0.466	-1.103	-7.029	2.08490981189214e-12	1.9179042810416e-10	0.0073	0.0303	0.0168	0.0168	TRUE	NA
FBtr0310653	230	121	95	42	7	18	119	181	134	21	10	22	81.21	145	18	0.127	-2.972	-7.018	2.25325682144446e-12	2.05182931770928e-10	0.0872	0.1052	0.0981	0.0981	TRUE	NA
FBtr0334309	1029	213	282	103	77	41	532	319	397	53	106	51	242.87	416	70	0.166	-2.586	-6.947	3.72565359573924e-12	3.3254224916425e-10	0.1427	0.0522	0.091	0.091	TRUE	NA
FBtr0332042	1918	701	584	656	251	345	991	1050	822	335	345	428	661.93	954	369	0.386	-1.374	-6.855	7.11781720422294e-12	6.16991558616056e-10	0.0194	0.0353	0.027	0.027	TRUE	NA
FBtr0307520	3761	1561	1378	1213	655	837	1943	2338	1941	620	900	1038	1463.38	2074	853	0.403	-1.312	-6.844	7.71901182856757e-12	6.62732301281301e-10	0.022	0.03	0.0256	0.0256	TRUE	NA
FBtr0304997	1484	851	625	466	327	309	767	1274	880	238	450	383	665.4	974	357	0.359	-1.478	-6.725	1.75125777642041e-11	1.43523535040273e-09	0.0307	0.0353	0.0329	0.0329	TRUE	NA
FBtr0302695	2436	590	601	1083	172	176	1259	884	846	554	236	218	666.17	996	336	0.314	-1.67	-6.677	2.44012785811549e-11	1.9817795171992e-09	0	0.0352	0.0425	0.0425	TRUE	NA
FBtr0100595	654	213	250	191	64	109	338	319	352	98	88	135	221.63	336	107	0.317	-1.659	-6.67	2.5529034847211e-11	2.05485936738935e-09	0.0189	0.0547	0.0382	0.0382	TRUE	NA
FBtr0072364	432	522	279	103	112	109	223	782	393	53	154	135	289.94	466	114	0.243	-2.043	-6.616	3.68934272964304e-11	2.94331192103823e-09	0.0784	0.0478	0.0629	0.0629	TRUE	NA
FBtr0303857	32168	13613	11516	15661	3528	2867	16623	20386	16218	8004	4850	3556	11606.12	17742	5470	0.293	-1.769	-6.556	5.51346873384223e-11	4.35999303820945e-09	0.0755	0.0261	0.0524	0.0524	TRUE	NA
FBtr0074338	11906	3679	4780	6308	2074	2572	6152	5509	6732	3224	2851	3190	4609.78	6131	3088	0.504	-0.99	-6.546	5.9237671952564e-11	4.64371837089012e-09	0.0085	0.0269	0.0162	0.0162	TRUE	NA
FBtr0111029	1682	295	244	642	93	135	869	442	344	328	128	167	379.66	552	208	0.377	-1.407	-6.544	5.99525974330545e-11	4.65924711947402e-09	0.0152	0.0426	0.029	0.029	TRUE	NA
FBtr0340241	107	131	106	30	21	22	55	196	149	15	29	27	78.71	133	24	0.195	-2.355	-6.449	1.12727681055595e-10	8.61220376878125e-09	0.0357	0.1077	0.0712	0.0712	TRUE	NA
FBtr0339643	9209	3698	3926	4619	616	929	4759	5538	5529	2361	847	1152	3364.23	5275	1453	0.252	-1.989	-6.391	1.64976030796993e-10	1.22913960135115e-08	0.1245	0.0275	0.0693	0.0693	TRUE	NA
FBtr0305056	4490	1177	1290	2368	633	832	2320	1763	1817	1210	870	1032	1501.99	1967	1037	0.528	-0.921	-6.388	1.68061892069994e-10	1.24186717787786e-08	0.0032	0.0298	0.0142	0.0142	TRUE	NA
FBtr0308627	539	298	216	111	96	98	279	446	304	57	132	122	223.21	343	104	0.285	-1.813	-6.367	1.92310534491018e-10	1.40949550279392e-08	0.0494	0.0545	0.0519	0.0519	TRUE	NA
FBtr0076525	1992	741	873	1128	441	499	1029	1110	1229	577	606	619	861.69	1123	601	0.536	-0.899	-6.229	4.68064610041721e-10	3.32252162167411e-08	0.0013	0.033	0.0137	0.0137	TRUE	NA
FBtr0087431	937	320	341	311	173	146	484	479	480	159	238	181	336.91	481	193	0.395	-1.341	-6.23	4.66861677561962e-10	3.32252162167411e-08	0.0156	0.0447	0.0296	0.0296	TRUE	NA
FBtr0079632	2019	725	867	1117	359	459	1043	1086	1221	571	493	569	830.62	1117	544	0.489	-1.032	-6.217	5.05329515126296e-10	3.55901998348716e-08	0.0073	0.0333	0.0184	0.0184	TRUE	NA
FBtr0303756	670	202	174	273	78	76	346	303	245	140	107	94	205.8	298	114	0.381	-1.393	-6.198	5.71325866501346e-10	3.99263774148034e-08	0.0052	0.057	0.0298	0.0298	TRUE	NA
FBtr0303387	66607	18650	13990	36036	5953	6708	34419	27929	19702	18418	8183	8320	19495.28	27350	11640	0.4	-1.32	-6.129	8.82208257197283e-10	6.02508139290417e-08	0.0406	0.0259	0.0334	0.0334	TRUE	NA
FBtr0332017	948	602	561	452	320	288	490	902	790	231	440	357	534.93	727	343	0.471	-1.086	-6.111	9.86997747564137e-10	6.64013783156022e-08	0.0068	0.0376	0.0205	0.0205	TRUE	NA
FBtr0076792	3175	1057	1164	1369	683	668	1641	1583	1639	700	939	829	1221.66	1621	823	0.503	-0.99	-6.087	1.14728496374225e-09	7.60498084421795e-08	0.0089	0.0308	0.0181	0.0181	TRUE	NA
FBtr0085423	917	329	349	231	119	188	474	493	491	118	164	233	328.81	486	172	0.342	-1.547	-6.048	1.46431972615215e-09	9.63565133668731e-08	0.0409	0.0452	0.0431	0.0431	TRUE	NA
FBtr0087257	8402	2781	2910	4789	1464	1975	4342	4165	4098	2448	2012	2450	3252.39	4202	2303	0.548	-0.868	-6.033	1.60724876188876e-09	1.03818942725355e-07	0.0058	0.0275	0.0145	0.0145	TRUE	NA
FBtr0308253	3051	1106	982	1661	477	423	1577	1656	1383	849	656	525	1107.52	1539	677	0.434	-1.204	-6.033	1.60511571873741e-09	1.03818942725355e-07	0.0241	0.0314	0.0275	0.0275	TRUE	NA
FBtr0086975	8764	3239	4056	4820	2218	2448	4529	4850	5712	2464	3049	3036	3940.03	5030	2850	0.565	-0.823	-6.03	1.63489384661092e-09	1.04528851256719e-07	0.0043	0.0272	0.0132	0.0132	TRUE	NA
FBtr0310438	458	189	199	203	86	91	237	283	280	104	118	113	189.13	267	112	0.42	-1.25	-6.01	1.86018586328816e-09	1.17746200806083e-07	0	0.0597	0.0247	0.0247	TRUE	NA
FBtr0336736	303	205	155	99	59	41	157	307	218	51	81	51	144.07	227	61	0.274	-1.867	-6.009	1.86774339603658e-09	1.17746200806083e-07	0.0465	0.0704	0.0591	0.0591	TRUE	NA
FBtr0088996	1160	386	538	275	193	237	599	578	758	141	265	294	439.16	645	233	0.344	-1.538	-6.001	1.96016590929972e-09	1.22714553280118e-07	0.0483	0.0403	0.0443	0.0443	TRUE	NA
FBtr0345487	342	117	96	82	39	26	177	175	135	42	54	32	102.48	162	43	0.261	-1.94	-5.971	2.35461609997005e-09	1.46392166491241e-07	0.0252	0.0886	0.0606	0.0606	TRUE	NA
FBtr0081958	118	26	37	3	3	1	61	39	52	2	4	1	26.49	51	2	0.041	-4.606	-5.945	2.7711574663745e-09	1.71109483283329e-07	0.0818	0.2697	0.1945	0.1945	TRUE	NA
FBtr0084659	937	316	360	349	167	202	484	473	507	178	230	251	353.82	488	220	0.443	-1.174	-5.907	3.47441158594988e-09	2.10213560049249e-07	0.0091	0.0438	0.025	0.025	TRUE	NA
FBtr0308034	623	211	199	177	78	111	322	316	280	90	107	138	208.92	306	112	0.36	-1.476	-5.891	3.84476075499562e-09	2.31070121375237e-07	0.0222	0.0565	0.0389	0.0389	TRUE	NA
FBtr0082183	2740	1006	1025	1033	290	569	1416	1507	1443	528	399	706	999.71	1455	544	0.374	-1.419	-5.884	4.00097232754903e-09	2.38865996906321e-07	0.0485	0.032	0.0406	0.0406	TRUE	NA
FBtr0332930	648	207	151	236	71	62	335	310	213	121	98	77	192.1	286	99	0.343	-1.543	-5.847	4.99691904970349e-09	2.94426308712921e-07	0.0276	0.0592	0.0427	0.0427	TRUE	NA
FBtr0306244	692	177	204	184	59	102	358	265	287	94	81	127	201.93	303	101	0.331	-1.593	-5.816	6.01123349307602e-09	3.47379935513335e-07	0.0354	0.0576	0.047	0.047	TRUE	NA
FBtr0087008	2280	834	908	1192	402	579	1178	1249	1279	609	553	718	930.98	1235	627	0.508	-0.978	-5.781	7.41042052315012e-09	4.25509178447123e-07	0.0093	0.0325	0.0193	0.0193	TRUE	NA
FBtr0305668	1106	264	265	384	131	157	572	395	373	196	180	195	318.52	447	190	0.43	-1.217	-5.769	7.99172293295188e-09	4.55239332581143e-07	0.0136	0.0458	0.028	0.028	TRUE	NA
FBtr0335178	8198	3587	4099	4645	1489	2244	4236	5372	5773	2374	2047	2783	3764.14	5127	2401	0.472	-1.082	-5.768	8.02917957630635e-09	4.55239332581143e-07	0.0231	0.0273	0.025	0.025	TRUE	NA
FBtr0071690	3509	1298	1598	1978	756	978	1813	1944	2250	1011	1039	1213	1545.13	2002	1088	0.544	-0.878	-5.741	9.41304988766059e-09	5.30366529607876e-07	0.0066	0.0297	0.0161	0.0161	TRUE	NA
FBtr0078915	1729	518	658	839	320	386	893	776	927	429	440	479	657.22	865	449	0.518	-0.949	-5.633	1.7753116536605e-08	9.75880155960331e-07	0.0063	0.0354	0.0187	0.0187	TRUE	NA
FBtr0302513	1083	376	394	450	207	248	560	563	555	230	285	308	416.62	559	274	0.485	-1.045	-5.624	1.86654936452475e-08	1.01981469825398e-06	0.0066	0.0411	0.022	0.022	TRUE	NA
FBtr0300612	1690	449	442	877	275	269	873	672	622	448	378	334	554.68	722	387	0.536	-0.899	-5.567	2.59037820975343e-08	1.35768950935623e-06	0.0011	0.0372	0.0166	0.0166	TRUE	NA
FBtr0336904	406	91	125	156	25	27	210	136	176	80	34	33	111.62	174	49	0.269	-1.893	-5.537	3.08363295226375e-08	1.58851148940901e-06	0	0.0835	0.0687	0.0687	TRUE	NA
FBtr0308626	945	272	336	386	173	165	488	407	473	197	238	205	334.77	456	213	0.465	-1.106	-5.513	3.53631788253398e-08	1.79100593882269e-06	0.0091	0.0449	0.0254	0.0254	TRUE	NA
FBtr0308631	819	267	212	127	103	98	423	400	299	65	142	122	241.61	374	110	0.278	-1.845	-5.511	3.57776829112732e-08	1.80187604159289e-06	0.104	0.0523	0.0746	0.0746	TRUE	NA
FBtr0084449	741	216	218	340	106	132	383	323	307	174	146	164	249.43	338	161	0.477	-1.068	-5.477	4.32172780606258e-08	2.16446534286967e-06	0	0.0515	0.0225	0.0225	TRUE	NA
FBtr0075341	7581	4353	4662	2002	2384	2820	3917	6519	6565	1023	3277	3498	4133.31	5667	2599	0.413	-1.276	-5.459	4.79647027058259e-08	2.38896019277912e-06	0.0513	0.0271	0.0391	0.0391	TRUE	NA
FBtr0074301	5827	2301	2654	3080	1612	1853	3011	3446	3738	1574	2216	2298	2713.84	3398	2029	0.591	-0.76	-5.43	5.64078404854932e-08	2.7940477031688e-06	0.0048	0.0279	0.0137	0.0137	TRUE	NA
FBtr0087530	9629	2281	1729	4513	1158	1149	4976	3416	2435	2307	1592	1425	2691.7	3609	1775	0.497	-1.007	-5.406	6.4437444002528e-08	3.15708455262386e-06	0.0217	0.0279	0.0245	0.0245	TRUE	NA
FBtr0332746	1784	721	792	742	481	473	922	1080	1115	379	661	587	790.68	1039	542	0.509	-0.974	-5.378	7.5203661383665e-08	3.66465409391211e-06	0.0131	0.0337	0.0222	0.0222	TRUE	NA
FBtr0111028	906	147	142	72	46	58	468	220	200	37	63	72	176.71	296	57	0.201	-2.312	-5.334	9.58141025934069e-08	4.59449007914661e-06	0.2001	0.0621	0.1242	0.1242	TRUE	NA
FBtr0071105	10202	2923	2920	4973	1907	1507	5272	4377	4112	2542	2621	1869	3465.62	4587	2344	0.513	-0.964	-5.333	9.64406330180335e-08	4.60006511459033e-06	0.0197	0.0274	0.0232	0.0232	TRUE	NA
FBtr0100462	2055	728	787	1324	425	499	1062	1090	1108	677	584	619	856.72	1087	627	0.577	-0.793	-5.33	9.82080017774858e-08	4.65971124223176e-06	0.0022	0.0331	0.0146	0.0146	TRUE	NA
FBtr0073378	5807	1538	2033	3170	915	1224	3001	2303	2863	1620	1258	1518	2093.87	2722	1465	0.538	-0.894	-5.328	9.93554754526955e-08	4.68947440422016e-06	0.0138	0.0286	0.0197	0.0197	TRUE	NA
FBtr0100282	1184	361	304	526	192	175	612	541	428	269	264	217	388.4	527	250	0.475	-1.073	-5.274	1.33123956364323e-07	6.18614673517719e-06	0.013	0.0422	0.0266	0.0266	TRUE	NA
FBtr0111027	493	112	122	61	46	45	255	168	172	31	63	56	124.09	198	50	0.245	-2.032	-5.272	1.35084744066738e-07	6.24507162954687e-06	0.1115	0.0777	0.0939	0.0939	TRUE	NA
FBtr0332057	38016	10245	9444	16394	5243	3104	19645	15342	13300	8379	7207	3850	11287.19	16096	6479	0.399	-1.325	-5.259	1.44813200037259e-07	6.62685785957305e-06	0.0829	0.0261	0.0456	0.0456	TRUE	NA
FBtr0075389	3626	1283	1805	2040	882	930	1874	1921	2542	1043	1212	1154	1624.27	2112	1136	0.539	-0.892	-5.247	1.54487461542407e-07	6.99851490354172e-06	0.0131	0.0295	0.0201	0.0201	TRUE	NA
FBtr0088550	11390	3632	4829	6176	2416	3026	5886	5439	6801	3157	3321	3753	4726.08	6042	3410	0.564	-0.827	-5.244	1.56905186522283e-07	7.07250128249192e-06	0.0104	0.0269	0.0177	0.0177	TRUE	NA
FBtr0087534	2372	582	496	1293	321	319	1226	872	699	661	441	396	715.6	932	499	0.535	-0.902	-5.226	1.73049750016939e-07	7.72298760595398e-06	0.008	0.0346	0.0196	0.0196	TRUE	NA
FBtr0070777	47920	16572	18424	24393	10861	13792	24763	24817	25946	12467	14930	17107	20005.07	25175	14835	0.585	-0.773	-5.215	1.83623239951953e-07	8.14038305678189e-06	0.0067	0.0259	0.0158	0.0158	TRUE	NA
FBtr0307521	2212	398	338	999	217	230	1143	596	476	511	298	285	551.54	738	365	0.507	-0.98	-5.213	1.85473215043727e-07	8.15629772497171e-06	0.0113	0.0373	0.0229	0.0229	TRUE	NA
FBtr0343424	515	149	145	257	56	60	266	223	204	131	77	74	162.7	231	94	0.402	-1.316	-5.201	1.98222646976259e-07	8.63273991541536e-06	0	0.0653	0.0377	0.0377	TRUE	NA
FBtr0111032	2457	365	416	1533	191	175	1270	547	586	784	263	217	610.87	801	421	0.484	-1.046	-5.078	3.81782634406571e-07	1.62347662696945e-05	0.0206	0.0361	0.0279	0.0279	TRUE	NA
FBtr0085715	1476	453	568	874	241	319	763	678	800	447	331	396	569.11	747	391	0.523	-0.935	-5.076	3.85638371690107e-07	1.63217367173066e-05	0.0105	0.0369	0.0224	0.0224	TRUE	NA
FBtr0303994	215	58	53	45	21	15	111	87	75	23	29	19	57.18	91	24	0.256	-1.965	-5.075	3.87753134931158e-07	1.63330657166157e-05	0.015	0.1386	0.0798	0.0798	TRUE	NA
FBtr0076140	546	185	186	271	100	102	282	277	262	139	137	127	203.94	274	134	0.49	-1.029	-5.068	4.02729881720095e-07	1.67749586127657e-05	0	0.0573	0.0239	0.0239	TRUE	NA
FBtr0088549	2270	208	201	230	91	85	1173	311	283	118	125	105	352.61	589	116	0.247	-2.02	-5.066	4.0565069080232e-07	1.67749586127657e-05	0.1907	0.0439	0.1082	0.1082	TRUE	NA
FBtr0344179	483	289	243	176	128	164	250	433	342	90	176	203	248.99	342	156	0.441	-1.18	-5.067	4.04183313713716e-07	1.67749586127657e-05	0.0192	0.0515	0.0343	0.0343	TRUE	NA
FBtr0301847	3152	1008	995	1741	684	744	1629	1510	1401	890	940	923	1215.41	1513	918	0.606	-0.722	-5.036	4.76322132660972e-07	1.93425406573814e-05	0.0032	0.0309	0.0139	0.0139	TRUE	NA
FBtr0308633	264	148	110	87	48	63	136	222	155	44	66	78	116.93	171	63	0.362	-1.466	-5.032	4.85658559973246e-07	1.96332373011606e-05	0.022	0.0808	0.0501	0.0501	TRUE	NA
FBtr0077235	647	172	156	178	64	99	334	258	220	91	88	123	185.56	271	101	0.372	-1.425	-5.027	4.99434110011888e-07	2.0099993311416e-05	0.0409	0.0604	0.0506	0.0506	TRUE	NA
FBtr0299952	460	127	150	190	73	70	238	190	211	97	100	87	153.9	213	95	0.443	-1.173	-4.99	6.02652153764872e-07	2.40394210893377e-05	0	0.0676	0.0318	0.0318	TRUE	NA
FBtr0332120	2753	790	694	1501	484	494	1423	1183	977	767	665	613	938.04	1194	682	0.573	-0.804	-4.97	6.68263357122018e-07	2.65391813412114e-05	0.0068	0.0324	0.0176	0.0176	TRUE	NA
FBtr0339764	6895	1678	1408	4222	931	885	3563	2513	1983	2158	1280	1098	2099.02	2686	1512	0.554	-0.853	-4.959	7.09150393660169e-07	2.80394333282738e-05	0.0154	0.0286	0.0207	0.0207	TRUE	NA
FBtr0345114	1562	383	336	632	220	225	807	574	473	323	302	279	459.74	618	301	0.495	-1.015	-4.951	7.37352942693895e-07	2.90272348401112e-05	0.0175	0.0396	0.0275	0.0275	TRUE	NA
FBtr0308629	257	151	91	73	42	51	133	226	128	37	58	63	107.56	162	53	0.319	-1.647	-4.891	1.00496562902224e-06	3.87983533521383e-05	0.0531	0.0857	0.069	0.069	TRUE	NA
FBtr0344703	1224	533	466	703	81	159	633	798	656	359	111	197	459.14	696	222	0.296	-1.756	-4.886	1.02780272786799e-06	3.94282620924678e-05	0.154	0.0396	0.0896	0.0896	TRUE	NA
FBtr0345095	2080	687	772	1311	486	548	1075	1029	1087	670	668	680	868.12	1064	673	0.632	-0.662	-4.827	1.38302460903769e-06	5.13085055575095e-05	0	0.033	0.0122	0.0122	TRUE	NA
FBtr0078204	397	139	148	163	67	88	205	208	208	83	92	109	151.05	207	95	0.454	-1.14	-4.811	1.50245304779166e-06	5.52841396973134e-05	0	0.0684	0.0325	0.0325	TRUE	NA
FBtr0081004	327	104	114	155	46	41	169	156	161	79	63	51	113.1	162	64	0.398	-1.329	-4.802	1.56978313737166e-06	5.75268088756321e-05	0	0.0827	0.0436	0.0436	TRUE	NA
FBtr0087960	2757	825	820	885	493	565	1425	1235	1155	452	678	701	940.96	1272	610	0.472	-1.083	-4.77	1.83898250457327e-06	6.57874098362223e-05	0.0386	0.0324	0.0359	0.0359	TRUE	NA
FBtr0079648	763	90	244	167	62	42	394	135	344	85	85	52	182.56	291	74	0.26	-1.945	-4.759	1.94109262570197e-06	6.9165810358511e-05	0.172	0.061	0.1108	0.1108	TRUE	NA
FBtr0301414	1251	449	513	689	321	341	646	672	722	352	441	423	542.94	680	405	0.592	-0.756	-4.742	2.11287657517727e-06	7.41151063238252e-05	0	0.0375	0.0163	0.0163	TRUE	NA
FBtr0089343	1176	1376	1270	246	762	767	608	2061	1789	126	1047	951	1096.9	1486	708	0.386	-1.375	-4.732	2.22172427206317e-06	7.76311795063934e-05	0.0927	0.0314	0.0595	0.0595	TRUE	NA
FBtr0329895	1199	480	475	804	262	299	620	719	669	411	360	371	524.88	669	381	0.571	-0.807	-4.694	2.6799357706159e-06	9.22122937866501e-05	0.0057	0.0379	0.0191	0.0191	TRUE	NA
FBtr0306930	221	78	119	92	33	39	114	117	168	47	45	48	89.89	133	47	0.358	-1.483	-4.688	2.75318187214342e-06	9.43723748189083e-05	0.0207	0.0975	0.0574	0.0574	TRUE	NA
FBtr0082497	4686	2983	3465	2894	2373	2505	2421	4467	4880	1479	3262	3107	3269.43	3923	2616	0.657	-0.606	-4.67	3.00782382665205e-06	0.000101938089463414	0.0027	0.0275	0.0118	0.0118	TRUE	NA
FBtr0079321	3086	1021	1313	1476	729	882	1595	1529	1849	754	1002	1094	1303.88	1658	950	0.566	-0.821	-4.65	3.31850284559682e-06	0.000112046079224926	0.0147	0.0305	0.0216	0.0216	TRUE	NA
FBtr0336759	1328	446	496	372	252	324	686	668	699	190	346	402	498.51	684	313	0.436	-1.199	-4.644	3.41795954681979e-06	0.00011497352729321	0.0527	0.0385	0.0456	0.0456	TRUE	NA
FBtr0330249	2140	790	746	1026	491	589	1106	1183	1051	524	675	731	878.23	1113	643	0.571	-0.807	-4.634	3.58986076276857e-06	0.000119419168916452	0.0114	0.0329	0.0206	0.0206	TRUE	NA
FBtr0330390	693	218	356	391	108	104	358	326	501	200	148	129	277.2	395	159	0.4	-1.321	-4.624	3.75819496691236e-06	0.000124559292745275	0.061	0.0489	0.0541	0.0541	TRUE	NA
FBtr0072674	7115	3565	3557	4568	2417	2972	3677	5339	5009	2335	3322	3686	3894.71	4675	3114	0.663	-0.593	-4.622	3.80388767420556e-06	0.000125611895175689	0.0026	0.0272	0.0116	0.0116	TRUE	NA
FBtr0310034	336	87	78	156	29	32	174	130	110	80	40	40	95.51	138	53	0.377	-1.407	-4.617	3.892094651398e-06	0.000127611535717883	0	0.0933	0.0519	0.0519	TRUE	NA
FBtr0332502	783	184	229	305	101	142	405	276	322	156	139	176	245.59	334	157	0.471	-1.086	-4.617	3.8927534467463e-06	0.000127611535717883	0.0192	0.0519	0.0348	0.0348	TRUE	NA
FBtr0336620	266	68	68	89	20	35	137	102	96	45	27	43	75.24	112	38	0.349	-1.52	-4.582	4.60709594660024e-06	0.000148332035566433	0	0.1115	0.0606	0.0606	TRUE	NA
FBtr0345117	2570	1164	1272	1466	864	966	1328	1743	1791	749	1188	1198	1332.94	1621	1045	0.635	-0.655	-4.582	4.59810341344482e-06	0.000148332035566433	0	0.0304	0.0139	0.0139	TRUE	NA
FBtr0079667	2811	468	456	890	291	305	1453	701	642	455	400	378	671.47	932	411	0.469	-1.091	-4.575	4.7695227146252e-06	0.000152472508057965	0.0425	0.0352	0.0389	0.0389	TRUE	NA
FBtr0089921	734	225	298	391	154	158	379	337	420	200	212	196	290.57	379	203	0.534	-0.905	-4.559	5.15115342159725e-06	0.000162369398936011	0.0051	0.0478	0.0244	0.0244	TRUE	NA
FBtr0303749	3740	1716	1505	826	954	991	1933	2570	2119	422	1311	1229	1597.44	2207	987	0.402	-1.315	-4.559	5.14422634737674e-06	0.000162369398936011	0.0939	0.0296	0.0592	0.0592	TRUE	NA
FBtr0082627	6185	1899	2355	4023	1465	1642	3196	2844	3317	2056	2014	2037	2577.19	3119	2036	0.653	-0.616	-4.535	5.75213566387737e-06	0.000178812079344326	0.0032	0.028	0.0128	0.0128	TRUE	NA
FBtr0079658	5920	1808	1765	3451	994	1437	3059	2708	2486	1764	1366	1782	2194.16	2751	1637	0.596	-0.746	-4.506	6.61036463359763e-06	0.000204083688944804	0.0122	0.0285	0.0192	0.0192	TRUE	NA
FBtr0084447	406	129	105	92	6	41	210	193	148	47	8	51	109.5	184	35	0.191	-2.39	-4.505	6.65148367110163e-06	0.000204652304761028	0.3671	0.0846	0.1841	0.1841	TRUE	NA
FBtr0329843	936	68	68	348	40	29	484	102	96	178	55	36	158.35	227	90	0.418	-1.259	-4.5	6.79694348472035e-06	0.0002084164813427	0.0133	0.0664	0.0427	0.0427	TRUE	NA
FBtr0074255	837	235	186	344	78	137	433	352	262	176	107	170	249.89	349	151	0.436	-1.199	-4.491	7.09295748342692e-06	0.000216023688219911	0.0402	0.0514	0.0461	0.0461	TRUE	NA
FBtr0077560	490	176	260	285	80	98	253	264	366	146	110	122	210.02	294	126	0.431	-1.215	-4.479	7.48684512728359e-06	0.000227252218257446	0.0384	0.0563	0.047	0.047	TRUE	NA
FBtr0071048	1054	346	294	590	191	214	545	518	414	302	263	265	384.4	492	277	0.562	-0.831	-4.476	7.62094790559871e-06	0.000230546460969706	0.0055	0.0424	0.0218	0.0218	TRUE	NA
FBtr0080261	1773	758	642	233	412	296	916	1135	904	119	566	367	668	985	351	0.305	-1.715	-4.47	7.83310070292032e-06	0.00023617191584223	0.1968	0.0352	0.1041	0.1041	TRUE	NA
FBtr0339493	1246	396	328	812	171	196	644	593	462	415	235	243	432	566	298	0.513	-0.962	-4.434	9.26529382329507e-06	0.000275665425138631	0.0226	0.0405	0.0309	0.0309	TRUE	NA
FBtr0333948	455	475	428	261	292	268	235	711	603	133	401	332	402.73	516	289	0.561	-0.833	-4.428	9.52101372874256e-06	0.000281416192670866	0.0076	0.0416	0.0226	0.0226	TRUE	NA
FBtr0089925	2698	743	796	1473	471	634	1394	1113	1121	753	647	786	969.09	1209	729	0.605	-0.725	-4.402	1.07331364061544e-05	0.00031313664951936	0.0081	0.0322	0.0184	0.0184	TRUE	NA
FBtr0073527	656	144	117	129	67	70	339	216	165	66	92	87	160.71	240	82	0.346	-1.53	-4.394	1.11254607293393e-05	0.00032249526840834	0.0916	0.0658	0.0784	0.0784	TRUE	NA
FBtr0087601	4245	3176	2205	1032	1529	1728	2194	4756	3105	527	2102	2143	2471.28	3352	1591	0.414	-1.273	-4.386	1.15683470875074e-05	0.000332129455394519	0.0985	0.0282	0.0602	0.0602	TRUE	NA
FBtr0343608	2238	493	530	1502	336	309	1156	738	746	768	462	383	709	880	538	0.601	-0.735	-4.38	1.18560136375448e-05	0.000339307818864973	0.0058	0.0347	0.0185	0.0185	TRUE	NA
FBtr0072799	12326	5870	5688	6739	4196	4753	6369	8790	8010	3444	5768	5896	6379.68	7723	5036	0.639	-0.647	-4.375	1.21608264811919e-05	0.000345835491255347	0.0083	0.0266	0.0156	0.0156	TRUE	NA
FBtr0113452	506	151	125	200	79	79	261	226	176	102	109	98	162.07	221	103	0.465	-1.105	-4.36	1.30305307839736e-05	0.000367094484429757	0.0149	0.0654	0.0387	0.0387	TRUE	NA
FBtr0309099	364	109	147	156	59	78	188	163	207	80	81	97	135.99	186	86	0.459	-1.123	-4.353	1.34472740607551e-05	0.000377654752827747	0	0.0731	0.0391	0.0391	TRUE	NA
FBtr0078064	5269	2216	2646	2846	1663	2008	2723	3319	3726	1455	2286	2491	2666.48	3256	2077	0.626	-0.676	-4.348	1.37665918974571e-05	0.000385421819737814	0.0094	0.028	0.017	0.017	TRUE	NA
FBtr0079946	66410	25112	33478	39090	19443	23288	34317	37606	47147	19979	26727	28886	32443.62	39690	25197	0.631	-0.665	-4.319	1.56621932223744e-05	0.000435786024381807	0.0094	0.0257	0.0171	0.0171	TRUE	NA
FBtr0082096	250	65	52	52	28	22	129	97	73	27	38	27	65.35	100	31	0.306	-1.71	-4.3	1.71145898655061e-05	0.000473276158397353	0.0574	0.1245	0.0913	0.0913	TRUE	NA
FBtr0083651	1341	388	267	670	166	206	693	581	376	342	228	256	412.69	550	275	0.502	-0.995	-4.294	1.75175315540579e-05	0.000481465082194609	0.0303	0.0412	0.0356	0.0356	TRUE	NA
FBtr0303454	1033	363	308	635	197	177	534	544	434	325	271	220	387.68	504	272	0.537	-0.897	-4.295	1.74670983588636e-05	0.000481465082194609	0.0161	0.0422	0.0283	0.0283	TRUE	NA
FBtr0302693	237	553	182	102	88	63	122	828	256	52	121	78	243.03	402	84	0.242	-2.045	-4.281	1.86372576853091e-05	0.000507597818831001	0.2955	0.0522	0.157	0.157	TRUE	NA
FBtr0330612	740	260	270	447	171	180	382	389	380	228	235	223	306.46	384	229	0.596	-0.746	-4.269	1.96204754932981e-05	0.00053116692664289	0	0.0466	0.0184	0.0184	TRUE	NA
FBtr0089656	7622	1369	1635	5411	863	1128	3939	2050	2303	2766	1186	1399	2273.73	2764	1784	0.629	-0.669	-4.262	2.02719002415891e-05	0.000546559539417903	0.0079	0.0284	0.0171	0.0171	TRUE	NA
FBtr0308634	356	302	153	99	88	120	184	452	215	51	121	149	195.35	284	107	0.356	-1.492	-4.261	2.03103101170269e-05	0.000546559539417903	0.1062	0.0586	0.0815	0.0815	TRUE	NA
FBtr0073531	292	104	163	143	60	52	151	156	230	73	82	64	126.04	179	73	0.415	-1.269	-4.248	2.15457750959108e-05	0.000578080840742963	0.0327	0.0768	0.0544	0.0544	TRUE	NA
FBtr0071582	29454	9136	8449	19986	6383	7255	15220	13681	11899	10215	8774	8999	11464.74	13600	9329	0.687	-0.542	-4.247	2.1646352295055e-05	0.00057905598201757	0.0041	0.0261	0.0116	0.0116	TRUE	NA
FBtr0335520	124	79	48	43	17	22	64	118	68	22	23	27	53.77	83	24	0.297	-1.752	-4.229	2.34736212525693e-05	0.000618756419859392	0.0507	0.1458	0.097	0.097	TRUE	NA
FBtr0077080	2620	834	1017	1739	647	715	1354	1249	1432	889	889	887	1116.69	1345	888	0.66	-0.599	-4.221	2.42848410002742e-05	0.000636418144236837	0.002	0.0313	0.0135	0.0135	TRUE	NA
FBtr0079042	482	113	150	259	69	63	249	169	211	132	95	78	155.82	210	102	0.482	-1.054	-4.196	2.7216133011593e-05	0.000711169388694234	0.0081	0.067	0.0373	0.0373	TRUE	NA
FBtr0088337	68	34	63	12	16	13	35	51	89	6	22	16	36.5	58	15	0.235	-2.09	-4.189	2.80190274343587e-05	0.000727929487956033	0.0664	0.2027	0.1337	0.1337	TRUE	NA
FBtr0113061	644	334	293	411	161	205	333	500	413	210	221	254	321.87	415	228	0.558	-0.843	-4.158	3.21695687049093e-05	0.000828596176785021	0.01	0.0456	0.0261	0.0261	TRUE	NA
FBtr0342809	560	229	202	342	119	130	289	343	284	175	164	161	236.07	305	167	0.548	-0.869	-4.156	3.24291592588395e-05	0.000832902765579596	0.0046	0.0529	0.0266	0.0266	TRUE	NA
FBtr0083641	1581	810	653	714	497	520	817	1213	920	365	683	645	773.78	983	564	0.557	-0.845	-4.132	3.60350045271874e-05	0.00092027072468157	0.0243	0.0339	0.0287	0.0287	TRUE	NA
FBtr0089517	1075	417	476	746	246	314	556	624	670	381	338	389	493.21	617	369	0.603	-0.73	-4.126	3.69026794045557e-05	0.000939767386531269	0.0066	0.0387	0.0203	0.0203	TRUE	NA
FBtr0073487	3493	233	368	318	158	155	1805	349	518	163	217	192	540.69	891	191	0.277	-1.852	-4.107	4.01557446651922e-05	0.00101118446412488	0.2927	0.0375	0.1428	0.1428	TRUE	NA
FBtr0308628	204	107	76	74	41	47	105	160	107	38	56	58	87.53	124	51	0.403	-1.312	-4.107	4.0060436046336e-05	0.00101118446412488	0.0225	0.0994	0.0594	0.0594	TRUE	NA
FBtr0113190	89	22	22	12	4	7	46	33	31	6	5	9	21.71	37	7	0.182	-2.46	-4.1	4.12701231307806e-05	0.00103635142067963	0.0144	0.3235	0.169	0.169	TRUE	NA
FBtr0083650	2064	515	389	1149	290	289	1067	771	548	587	399	358	621.67	795	448	0.566	-0.822	-4.099	4.15161926044502e-05	0.00103963465646977	0.019	0.0359	0.0269	0.0269	TRUE	NA
FBtr0076218	295	83	120	113	45	20	152	124	169	58	62	25	98.36	148	48	0.322	-1.634	-4.09	4.31915986836636e-05	0.00107561398379344	0.1126	0.0913	0.1003	0.1003	TRUE	NA
FBtr0089448	2280	394	408	1629	203	269	1178	590	575	833	279	334	631.35	781	482	0.585	-0.773	-4.089	4.33679718593625e-05	0.0010770310366726	0.0129	0.0358	0.0235	0.0235	TRUE	NA
FBtr0080439	1724	626	683	1200	431	377	891	937	962	613	592	468	743.93	930	558	0.6	-0.737	-4.082	4.47266386581647e-05	0.00110468670548864	0.0121	0.0342	0.022	0.022	TRUE	NA
FBtr0082947	5627	1596	935	2752	717	700	2908	2390	1317	1407	986	868	1645.83	2205	1087	0.495	-1.016	-4.075	4.59297856451176e-05	0.00112822075637803	0.0592	0.0295	0.044	0.044	TRUE	NA
FBtr0305667	535	211	211	310	116	152	276	316	297	158	159	189	232.67	296	169	0.57	-0.811	-4.061	4.89557821028007e-05	0.00119928362950203	0	0.0533	0.0239	0.0239	TRUE	NA
FBtr0344277	1095	1569	1733	857	739	976	566	2350	2441	438	1016	1211	1336.75	1786	888	0.55	-0.862	-4.057	4.96477504840559e-05	0.00121293894475275	0.0327	0.0304	0.0316	0.0316	TRUE	NA
FBtr0086797	777	315	348	321	188	264	402	472	490	164	258	327	352.21	455	250	0.532	-0.912	-4.046	5.2197115125029e-05	0.0012683476896284	0.024	0.0439	0.0334	0.0334	TRUE	NA
FBtr0301504	2817	1079	930	1047	608	805	1456	1616	1310	535	836	999	1125.1	1461	790	0.524	-0.931	-4.046	5.20864690179219e-05	0.0012683476896284	0.0428	0.0313	0.0372	0.0372	TRUE	NA
FBtr0075076	6331	2554	3118	4333	1861	2362	3272	3825	4391	2215	2558	2930	3198.3	3829	2568	0.671	-0.576	-4.035	5.46825457527819e-05	0.00131627956901512	0.0058	0.0276	0.0143	0.0143	TRUE	NA
FBtr0081254	13980	4627	4843	8223	3682	4028	7224	6929	6820	4203	5061	4996	5872.33	6991	4753	0.677	-0.562	-4.034	5.47537258325759e-05	0.00131627956901512	0.0048	0.0266	0.0138	0.0138	TRUE	NA
FBtr0070948	5594	3005	2584	3011	1958	2290	2891	4500	3639	1539	2692	2840	3016.78	3677	2357	0.626	-0.675	-4.014	5.96064782823161e-05	0.00142156720030444	0.0143	0.0277	0.02	0.02	TRUE	NA
FBtr0305620	3696	945	877	2268	686	715	1910	1415	1235	1159	943	887	1258.2	1520	996	0.66	-0.599	-4.013	6.00315525427606e-05	0.00142792729860946	0.0047	0.0307	0.0151	0.0151	TRUE	NA
FBtr0089937	127	44	50	43	10	21	66	66	70	22	14	26	43.95	67	21	0.309	-1.695	-4.002	6.2891076906627e-05	0.00148809201657019	0	0.1727	0.0969	0.0969	TRUE	NA
FBtr0075715	2649	597	603	1848	394	487	1369	894	849	945	542	604	867.05	1037	697	0.669	-0.58	-3.983	6.81316321909621e-05	0.0016036727524844	5e-04	0.033	0.0139	0.0139	TRUE	NA
FBtr0084598	3470	2147	2388	2160	1721	1964	1793	3215	3363	1104	2366	2436	2379.52	2790	1969	0.689	-0.536	-3.974	7.07262181050644e-05	0.00165180532698745	0.0033	0.0283	0.0127	0.0127	TRUE	NA
FBtr0072828	4021	1289	1393	2538	929	1180	2078	1930	1962	1297	1277	1464	1667.96	1990	1346	0.676	-0.565	-3.971	7.1698545635079e-05	0.0016679957203751	0.0039	0.0294	0.0139	0.0139	TRUE	NA
FBtr0344849	4652	223	1	1071	1	1	2404	334	1	547	1	1	548.21	913	183	0.025	-5.342	-3.964	7.35584434670909e-05	0.00170470274513065	0	0.0373	1.1652	1.1652	TRUE	NA
FBtr0085774	7101	9	6	1324	5	4	3669	13	8	677	7	5	729.98	1230	230	0.276	-1.856	-3.958	7.54355815442167e-05	0.00174372248107978	0.1757	0.0344	0.0811	0.0811	TRUE	NA
FBtr0079084	236	100	88	124	45	43	122	150	124	63	62	53	95.7	132	59	0.455	-1.135	-3.936	8.27899548848725e-05	0.00190882722068319	0	0.0931	0.0473	0.0473	TRUE	NA
FBtr0071273	2363	1362	1068	1150	743	977	1221	2040	1504	588	1021	1212	1264.29	1588	940	0.576	-0.796	-3.919	8.88495367192595e-05	0.00204331268756154	0.0273	0.0307	0.0289	0.0289	TRUE	NA
FBtr0088447	303	129	137	190	64	60	157	193	193	97	88	74	133.7	181	86	0.485	-1.045	-3.905	9.42311564449864e-05	0.00215607582576536	0.0148	0.0739	0.0428	0.0428	TRUE	NA
FBtr0076362	4282	1578	1627	3258	1172	1314	2213	2363	2291	1665	1611	1630	1962.2	2289	1635	0.715	-0.484	-3.876	0.000105973483589522	0.00238837738639885	0	0.0288	0.0107	0.0107	TRUE	NA
FBtr0083647	535	221	230	246	143	172	276	331	324	126	197	213	244.49	310	179	0.56	-0.837	-3.87	0.000109026792485594	0.00243782930991005	0	0.052	0.0291	0.0291	TRUE	NA
FBtr0301559	2653	762	734	1390	547	621	1371	1141	1034	710	752	770	963.06	1182	744	0.631	-0.663	-3.861	0.000112808063236066	0.0025110239261065	0.0112	0.0323	0.0201	0.0201	TRUE	NA
FBtr0084963	1745	760	466	958	222	378	902	1138	656	490	305	469	659.96	899	421	0.467	-1.1	-3.843	0.000121677469238429	0.00268196182196683	0.0773	0.0353	0.0571	0.0571	TRUE	NA
FBtr0308592	638	306	406	254	236	259	330	458	572	130	324	321	355.86	453	258	0.536	-0.9	-3.837	0.000124445771900299	0.00273628935044194	0.0298	0.0437	0.0364	0.0364	TRUE	NA
FBtr0334306	5146	1687	1591	3197	1151	1442	2659	2526	2241	1634	1582	1789	2071.82	2475	1668	0.674	-0.569	-3.825	0.000130792974089082	0.00285496043925684	0.0069	0.0287	0.0154	0.0154	TRUE	NA
FBtr0290025	385	94	133	174	64	70	199	141	187	89	88	87	131.79	176	88	0.499	-1.003	-3.819	0.000133938864071143	0.00290953942072616	0.0093	0.0746	0.0406	0.0406	TRUE	NA
FBtr0071813	25751	8015	8489	18219	6316	7514	13307	12003	11955	9312	8682	9320	10763.1	12422	9105	0.734	-0.447	-3.812	0.000137657966606278	0.00296886738984593	0.0017	0.0261	0.0098	0.0098	TRUE	NA
FBtr0088522	516	100	141	137	79	53	267	150	199	70	109	66	143.22	205	82	0.399	-1.326	-3.801	0.000144182519657005	0.00308697517287976	0.0871	0.0707	0.0785	0.0785	TRUE	NA
FBtr0329906	1348	381	318	942	179	229	697	571	448	481	246	284	454.42	572	337	0.576	-0.796	-3.793	0.000148772425594011	0.00316316843568398	0.0195	0.0398	0.029	0.029	TRUE	NA
FBtr0075354	188	52	56	67	26	29	97	78	79	34	36	36	59.97	85	35	0.414	-1.272	-3.751	0.000175974326269048	0.00367224201693396	0	0.1334	0.0619	0.0619	TRUE	NA
FBtr0100259	102	121	118	64	42	56	53	181	166	33	58	69	93.33	133	53	0.438	-1.192	-3.75	0.000176960191221515	0.00368428666018927	0.0242	0.0948	0.0591	0.0591	TRUE	NA
FBtr0083600	342	123	146	176	81	91	177	184	206	90	111	113	146.78	189	105	0.55	-0.862	-3.745	0.000180703204109529	0.00375354697015531	0	0.0696	0.0306	0.0306	TRUE	NA
FBtr0310625	187	58	70	70	25	39	97	87	99	36	34	48	66.76	94	39	0.417	-1.262	-3.741	0.000182964437370053	0.0037917802365311	0	0.1224	0.0635	0.0635	TRUE	NA
FBtr0344431	1378	379	481	849	309	327	712	568	677	434	425	406	536.89	652	422	0.646	-0.631	-3.733	0.000189092814893728	0.00390085063218984	0.0042	0.0376	0.0185	0.0185	TRUE	NA
FBtr0113220	476	217	255	330	132	152	246	325	359	169	181	189	244.78	310	180	0.589	-0.765	-3.73	0.00019159503448459	0.00394344574401502	0.0055	0.052	0.0258	0.0258	TRUE	NA
FBtr0073576	11449	3809	4900	7338	3336	3543	5916	5704	6901	3750	4586	4395	5208.64	6174	4244	0.685	-0.546	-3.728	0.000193190448367031	0.00396181316029678	0.0064	0.0268	0.0152	0.0152	TRUE	NA
FBtr0308612	1101	203	241	472	131	182	569	304	339	241	180	226	309.9	404	216	0.548	-0.868	-3.728	0.000193366366115428	0.00396181316029678	0.0248	0.0464	0.035	0.035	TRUE	NA
FBtr0330263	892	222	103	105	82	85	461	332	145	54	113	105	201.71	313	91	0.292	-1.777	-3.724	0.000195779798106476	0.00399311058807665	0.2838	0.0576	0.1564	0.1564	TRUE	NA
FBtr0071758	955	300	387	631	212	255	493	449	545	323	291	316	403	496	310	0.626	-0.676	-3.722	0.000197336299778849	0.00401577142777952	0.0048	0.0416	0.021	0.021	TRUE	NA
FBtr0290197	1942	428	545	985	266	413	1004	641	768	503	366	512	632.22	804	460	0.579	-0.789	-3.7	0.000215607084218974	0.00431932858718678	0.0264	0.0358	0.0309	0.0309	TRUE	NA
FBtr0334660	53148	7191	6769	31542	5142	6298	27464	10769	9533	16121	7068	7812	13127.85	15922	10334	0.68	-0.555	-3.691	0.000223081184334246	0.00443946330413517	0.0095	0.026	0.0162	0.0162	TRUE	NA
FBtr0079664	8918	3346	3313	6509	2520	2975	4608	5011	4666	3327	3464	3690	4127.62	4762	3494	0.733	-0.447	-3.681	0.000231904881264209	0.00458473201353613	0.001	0.0271	0.0104	0.0104	TRUE	NA
FBtr0113270	2378	976	722	795	489	692	1229	1462	1017	406	672	858	940.68	1236	645	0.502	-0.996	-3.681	0.000231906577722959	0.00458473201353613	0.0722	0.0324	0.0515	0.0515	TRUE	NA
FBtr0083724	3409	1278	1431	2290	984	1214	1762	1914	2015	1170	1353	1506	1619.93	1897	1343	0.705	-0.503	-3.678	0.000234673407900242	0.00462927958910433	0.0025	0.0295	0.0128	0.0128	TRUE	NA
FBtr0086272	555	158	146	260	106	76	287	237	206	133	146	94	183.65	243	124	0.512	-0.966	-3.677	0.000235673126599859	0.00463884986091208	0.0241	0.0608	0.0431	0.0431	TRUE	NA
FBtr0088521	304	101	159	147	26	67	157	151	224	75	36	83	121.04	177	65	0.367	-1.446	-3.671	0.000241698699338435	0.00473676907507824	0.1284	0.079	0.1008	0.1008	TRUE	NA
FBtr0070334	6056	2064	2679	3710	1738	2010	3129	3091	3773	1896	2389	2493	2795.26	3331	2259	0.674	-0.569	-3.67	0.000242292458683364	0.00473810523867794	0.0094	0.0279	0.017	0.017	TRUE	NA
FBtr0336477	316	136	147	216	59	75	163	204	207	110	81	93	143.08	191	95	0.502	-0.993	-3.655	0.000257573499321707	0.00499360235781761	0.0215	0.0707	0.0449	0.0449	TRUE	NA
FBtr0084275	598	358	367	376	188	287	309	536	517	192	258	356	361.43	454	269	0.597	-0.745	-3.648	0.000264336072464489	0.00511371178812739	0.0122	0.0434	0.027	0.027	TRUE	NA
FBtr0073286	2789	825	675	1700	501	612	1441	1235	951	869	689	759	990.66	1209	772	0.641	-0.641	-3.642	0.000270897467818985	0.00521824929997468	0.0126	0.0321	0.0211	0.0211	TRUE	NA
FBtr0072924	84521	38720	52515	52736	34278	37002	43676	57984	73956	26954	47120	45896	49264.35	58539	39990	0.674	-0.568	-3.636	0.000276598810712352	0.00531671274748797	0.0106	0.0257	0.0176	0.0176	TRUE	NA
FBtr0072740	385	198	152	141	96	131	199	297	214	72	132	162	179.34	237	122	0.492	-1.022	-3.588	0.000333280110802309	0.00628560711063351	0.043	0.0616	0.0521	0.0521	TRUE	NA
FBtr0308638	289	163	100	169	50	30	149	244	141	86	69	37	121.1	178	64	0.357	-1.487	-3.587	0.000334751299167822	0.0063001731983255	0.1515	0.0789	0.1124	0.1124	TRUE	NA
FBtr0304026	1767	411	242	923	193	185	913	615	341	472	265	229	472.65	623	322	0.517	-0.951	-3.585	0.000337593080158124	0.00634042003671977	0.0567	0.0392	0.0478	0.0478	TRUE	NA
FBtr0085375	913	382	322	616	212	260	472	572	453	315	291	322	404.35	499	309	0.622	-0.684	-3.581	0.00034273382742886	0.00642358722301698	0.009	0.0415	0.0236	0.0236	TRUE	NA
FBtr0084054	62	18	20	9	3	7	32	27	28	5	4	9	17.43	29	6	0.194	-2.364	-3.57	0.000357042898991149	0.00666406156191555	0	0.3966	0.2109	0.2109	TRUE	NA
FBtr0340406	491	265	216	284	127	180	254	397	304	145	175	223	249.63	318	181	0.57	-0.812	-3.568	0.000359326803671736	0.00669283292376177	0.016	0.0514	0.0328	0.0328	TRUE	NA
FBtr0087631	2662	621	667	1650	482	571	1376	930	939	843	663	708	909.84	1082	738	0.689	-0.538	-3.563	0.00036612495139308	0.00679409503239147	0.0037	0.0326	0.0151	0.0151	TRUE	NA
FBtr0307091	90626	29057	31903	48889	23980	27242	46831	43514	44929	24987	32964	33790	37835.74	45091	30580	0.672	-0.572	-3.553	0.000380653467670754	0.00698898372922983	0.0114	0.0257	0.0187	0.0187	TRUE	NA
FBtr0077972	611	107	130	165	53	94	316	160	183	84	73	117	155.47	220	91	0.429	-1.223	-3.552	0.000382434128866285	0.00700740583684871	0.0871	0.0671	0.0768	0.0768	TRUE	NA
FBtr0081792	5581	1461	1383	3619	1105	1253	2884	2188	1948	1850	1519	1554	1990.39	2340	1641	0.707	-0.501	-3.549	0.000386520549805873	0.00706791634178488	0.0043	0.0288	0.0138	0.0138	TRUE	NA
FBtr0334585	950	297	693	191	261	318	491	445	976	98	359	394	460.41	637	284	0.385	-1.378	-3.546	0.000391561914348016	0.00713117304615628	0.1928	0.0396	0.1062	0.1062	TRUE	NA
FBtr0332141	1660	583	525	693	388	464	858	873	739	354	533	576	655.55	823	488	0.579	-0.789	-3.533	0.000411255841022579	0.00747474073955353	0.033	0.0354	0.0342	0.0342	TRUE	NA
FBtr0306233	892	243	292	415	191	212	461	364	411	212	263	263	328.95	412	246	0.592	-0.757	-3.523	0.000427493177558146	0.00772314828794927	0.0172	0.0452	0.0298	0.0298	TRUE	NA
FBtr0310055	738	137	128	274	97	84	381	205	180	140	133	104	190.73	255	126	0.511	-0.969	-3.506	0.000455142137248973	0.00818983306846206	0.0374	0.0594	0.0481	0.0481	TRUE	NA
FBtr0075173	1050	355	245	412	184	228	543	532	345	211	253	283	360.93	473	249	0.523	-0.934	-3.504	0.000459033621766092	0.00824340259008231	0.0517	0.0435	0.048	0.048	TRUE	NA
FBtr0347364	122	65	76	75	24	20	63	97	107	38	33	25	60.59	89	32	0.374	-1.42	-3.488	0.000486578282893991	0.00866897869622397	0.0643	0.1323	0.0978	0.0978	TRUE	NA
FBtr0076729	1656	538	560	1073	436	447	856	806	789	548	599	554	692.04	817	567	0.693	-0.528	-3.486	0.00048993241531497	0.0087115201658076	0.0012	0.0349	0.015	0.015	TRUE	NA
FBtr0073296	341	129	127	213	57	85	176	193	179	109	78	105	140.15	183	97	0.537	-0.897	-3.462	0.000535473593801523	0.0094283094689858	0.0072	0.0717	0.0401	0.0401	TRUE	NA
FBtr0303471	1837	984	847	1258	505	744	949	1474	1193	643	694	923	979.28	1205	753	0.63	-0.667	-3.449	0.000563144631534513	0.00985116883392068	0.0205	0.0321	0.0258	0.0258	TRUE	NA
FBtr0333047	3948	572	421	2540	335	351	2040	857	593	1298	461	435	947.28	1163	731	0.625	-0.679	-3.448	0.000563961757607866	0.00985116883392068	0.0208	0.0324	0.0262	0.0262	TRUE	NA
FBtr0336646	1234	544	509	612	217	443	638	815	717	313	298	549	554.95	723	387	0.532	-0.911	-3.446	0.00056940606571823	0.00987153015855739	0.0566	0.0372	0.0483	0.0483	TRUE	NA
FBtr0299642	2399	578	604	1523	426	535	1240	866	851	778	586	664	830.58	986	676	0.691	-0.533	-3.444	0.000573044623913787	0.0099155418130188	0.0038	0.0333	0.0158	0.0158	TRUE	NA
FBtr0310035	137	46	33	38	17	20	71	69	46	19	23	25	42.29	62	22	0.357	-1.485	-3.441	0.000579265379607344	0.0100039796880464	0	0.1785	0.1027	0.1027	TRUE	NA
FBtr0340273	775	287	215	419	158	188	400	430	303	214	217	233	299.6	378	221	0.586	-0.772	-3.439	0.000582939628471619	0.010048184991724	0.0196	0.0471	0.0325	0.0325	TRUE	NA
FBtr0339176	18012	144	676	11664	0	0	9308	216	952	5962	0	0	2739.48	3492	1987	0.001	-9.662	-3.433	0.000596029162806172	0.0102542040127818	5.0806	0.0279	0.8753	5.0806	TRUE	NA
FBtr0079085	85	58	48	47	16	15	44	87	68	24	22	19	43.83	66	22	0.344	-1.537	-3.429	0.000605494704792065	0.0103637107389427	0.0591	0.1731	0.1142	0.1142	TRUE	NA
FBtr0076605	1269	496	387	926	252	296	656	743	545	473	346	367	521.73	648	395	0.608	-0.719	-3.424	0.000617970689041201	0.0105113316258612	0.0223	0.0379	0.0295	0.0295	TRUE	NA
FBtr0290320	191	29	63	33	22	20	99	43	89	17	30	25	50.46	77	24	0.304	-1.718	-3.424	0.000617962467727257	0.0105113316258612	0.1515	0.1537	0.1527	0.1527	TRUE	NA
FBtr0087612	7486	1277	1128	5289	843	1041	3868	1912	1589	2703	1159	1291	2087.09	2456	1718	0.7	-0.515	-3.417	0.000633063282479994	0.0107074399466363	0.0066	0.0286	0.0157	0.0157	TRUE	NA
FBtr0075078	316	46	59	129	17	35	163	69	83	66	23	43	74.66	105	44	0.426	-1.23	-3.416	0.000635342566083146	0.0107258674779767	0.0143	0.1122	0.0736	0.0736	TRUE	NA
FBtr0452124	3090	607	471	1795	352	448	1597	909	663	917	484	556	854.34	1056	652	0.63	-0.667	-3.409	0.000652963520339732	0.0109822129400423	0.0198	0.0331	0.026	0.026	TRUE	NA
FBtr0302323	627	101	171	233	93	65	324	151	241	119	128	81	173.94	239	109	0.466	-1.102	-3.404	0.000665155489352938	0.0111266347761441	0.0739	0.0627	0.068	0.068	TRUE	NA
FBtr0086530	170	57	55	109	9	17	88	85	77	56	12	21	56.64	83	30	0.316	-1.663	-3.392	0.000693658731631848	0.0115588418958616	0.1513	0.1397	0.1448	0.1448	TRUE	NA
FBtr0085382	56	23	17	15	5	4	29	34	24	8	7	5	17.8	29	7	0.226	-2.147	-3.387	0.000707523641889371	0.0117464560435224	0	0.3888	0.1946	0.1946	TRUE	NA
FBtr0300877	484	136	114	165	92	57	250	204	161	84	126	71	149.3	205	94	0.458	-1.127	-3.379	0.000728719068735107	0.0120761073614834	0.0751	0.0689	0.0718	0.0718	TRUE	NA
FBtr0078693	2010	452	476	1372	373	350	1039	677	670	701	513	434	672.33	795	549	0.693	-0.53	-3.36	0.000780146829327247	0.0128106077711933	0.0013	0.0352	0.0161	0.0161	TRUE	NA
FBtr0073070	1050	1297	813	763	562	450	543	1942	1145	390	773	558	891.75	1210	574	0.511	-0.969	-3.348	0.000814223581644099	0.0132975101241332	0.0888	0.0328	0.059	0.059	TRUE	NA
FBtr0084958	109	37	34	45	15	12	56	55	48	23	21	15	36.35	53	20	0.367	-1.445	-3.342	0.000833005361138262	0.0135796443592431	0	0.2034	0.0981	0.0981	TRUE	NA
FBtr0330272	78	81	52	37	26	29	40	121	73	19	36	36	54.24	78	30	0.401	-1.319	-3.338	0.000843289656088701	0.0137224842051257	0.0385	0.1448	0.0889	0.0889	TRUE	NA
FBtr0086516	3106	1016	979	1955	796	888	1605	1521	1379	999	1094	1101	1283.35	1502	1065	0.708	-0.498	-3.322	0.000894992010033052	0.014459413925534	0.0053	0.0306	0.0153	0.0153	TRUE	NA
FBtr0304025	576	572	566	372	394	506	298	857	797	190	542	628	551.78	651	453	0.684	-0.548	-3.312	0.000925079600761227	0.0149187703056573	0.0035	0.0373	0.0177	0.0177	TRUE	NA
FBtr0340289	270	77	91	113	56	51	140	115	128	58	77	63	96.83	128	66	0.51	-0.972	-3.309	0.000935190369226261	0.0150548949617406	0.0081	0.0923	0.0502	0.0502	TRUE	NA
FBtr0345204	1279	306	209	625	162	72	661	458	294	319	223	89	340.82	471	210	0.437	-1.195	-3.292	0.000993114699834317	0.0158458920690378	0.1514	0.0445	0.0906	0.0906	TRUE	NA
FBtr0302568	193	73	50	80	28	37	100	109	70	41	38	46	67.46	93	42	0.447	-1.161	-3.282	0.00103038466041991	0.0162944827821848	0.0233	0.1214	0.072	0.072	TRUE	NA
FBtr0331591	300	75	67	100	42	50	155	112	94	51	58	62	88.76	120	57	0.472	-1.084	-3.282	0.00103143213085674	0.0162944827821848	0.0342	0.0984	0.0647	0.0647	TRUE	NA
FBtr0084863	404	129	152	245	97	89	209	193	214	125	133	110	164.16	205	123	0.598	-0.741	-3.268	0.00108327179733741	0.0170134063641059	0	0.0649	0.0302	0.0302	TRUE	NA
FBtr0075806	100	30	32	29	16	11	52	45	45	15	22	14	32.02	47	17	0.349	-1.517	-3.234	0.0012222870028091	0.018751568898693	0	0.2275	0.117	0.117	TRUE	NA
FBtr0304712	206	23	37	82	12	14	106	34	52	42	16	17	44.8	64	25	0.392	-1.351	-3.228	0.00124754603898894	0.0190944440432687	0	0.1699	0.0908	0.0908	TRUE	NA
FBtr0088457	519	126	123	222	83	100	268	189	173	113	114	124	163.62	210	117	0.561	-0.834	-3.219	0.00128518026263199	0.0196038918233966	0.0208	0.0651	0.0412	0.0412	TRUE	NA
FBtr0110795	1589	674	641	814	444	615	821	1009	903	416	610	763	753.73	911	596	0.638	-0.648	-3.217	0.00129651961123809	0.0197434532015396	0.0224	0.0341	0.0278	0.0278	TRUE	NA
FBtr0343155	4633	1835	2056	2678	1603	1758	2394	2748	2895	1369	2204	2181	2298.39	2679	1918	0.701	-0.513	-3.209	0.00133232923661235	0.0202204512930309	0.0106	0.0284	0.0179	0.0179	TRUE	NA
FBtr0305618	917	238	135	403	117	120	474	356	190	206	161	149	256.01	340	172	0.516	-0.953	-3.202	0.00136335980684429	0.0205558769357295	0.0672	0.0508	0.0588	0.0588	TRUE	NA
FBtr0306170	684	62	100	160	40	64	353	93	141	82	55	79	133.88	196	72	0.417	-1.262	-3.202	0.0013635512376668	0.0205558769357295	0.1296	0.0738	0.1002	0.1002	TRUE	NA
FBtr0300850	826	384	304	706	160	145	427	575	428	361	220	180	365.11	477	254	0.515	-0.956	-3.202	0.00136613790326959	0.0205604894790908	0.0798	0.0433	0.0609	0.0609	TRUE	NA
FBtr0089350	149	422	766	22	334	459	77	632	1079	11	459	569	471.23	596	346	0.399	-1.324	-3.2	0.00137216766002416	0.020616819091863	0.2352	0.0393	0.1167	0.1167	TRUE	NA
FBtr0334067	235	72	130	100	50	66	121	108	183	51	69	82	102.34	137	67	0.481	-1.055	-3.2	0.00137585369258571	0.0206378053887857	0.0458	0.0887	0.067	0.067	TRUE	NA
FBtr0300979	638	544	554	475	421	394	330	815	780	243	579	489	539.12	642	437	0.691	-0.533	-3.198	0.0013825917320739	0.020704426021007	0.0036	0.0375	0.018	0.018	TRUE	NA
FBtr0085870	1155	269	302	653	217	246	597	403	425	334	298	305	393.69	475	312	0.663	-0.593	-3.194	0.001401008626409	0.0209107496143661	0.0072	0.042	0.0219	0.0219	TRUE	NA
FBtr0080975	1076	214	192	455	143	172	556	320	270	233	197	213	298.23	382	214	0.58	-0.785	-3.193	0.00140679978343903	0.0209278878674964	0.0323	0.0472	0.0393	0.0393	TRUE	NA
FBtr0300976	107	8	19	17	4	4	55	12	27	9	5	5	18.86	31	6	0.214	-2.225	-3.194	0.00140484192631073	0.0209278878674964	0.0979	0.3684	0.2367	0.2367	TRUE	NA
FBtr0112740	381	81	150	222	54	64	197	121	211	113	74	79	132.75	176	89	0.5	-0.999	-3.185	0.0014499494948908	0.021534258148996	0.0488	0.0743	0.0615	0.0615	TRUE	NA
FBtr0081997	855	304	422	485	194	310	442	455	594	248	267	385	398.41	497	300	0.6	-0.738	-3.177	0.00148779232650857	0.0220237238480702	0.0307	0.0418	0.0361	0.0361	TRUE	NA
FBtr0079801	311	68	80	186	43	35	161	102	113	95	59	43	95.47	125	66	0.518	-0.948	-3.176	0.0014942399031054	0.0220572919660454	0	0.0933	0.0507	0.0507	TRUE	NA
FBtr0300975	2537	681	803	1543	613	638	1311	1020	1131	789	843	791	980.72	1154	808	0.701	-0.513	-3.164	0.0015586976116197	0.022922771564032	0.0085	0.0321	0.0178	0.0178	TRUE	NA
FBtr0071346	245	54	40	64	12	34	127	81	56	33	16	42	59.2	88	30	0.357	-1.485	-3.155	0.00160229855711665	0.0233355759166504	0.1351	0.1348	0.1349	0.1349	TRUE	NA
FBtr0080864	22735	5824	6943	15055	5007	6052	11748	8722	9778	7695	6883	7507	8721.97	10083	7362	0.734	-0.446	-3.156	0.00160123068916028	0.0233355759166504	0.0089	0.0263	0.0142	0.0142	TRUE	NA
FBtr0330661	989	133	122	659	83	95	511	199	172	337	114	118	241.8	294	190	0.639	-0.647	-3.154	0.00161307511763564	0.0234546325572344	1e-04	0.0523	0.0241	0.0241	TRUE	NA
FBtr0290278	2729	616	828	1600	535	637	1410	922	1166	818	735	790	973.68	1166	781	0.675	-0.567	-3.135	0.00171881944814238	0.0247526474840313	0.0147	0.0322	0.0224	0.0224	TRUE	NA
FBtr0075196	2311	968	956	921	726	872	1194	1450	1346	471	998	1082	1090.08	1330	850	0.602	-0.732	-3.131	0.00174357763629163	0.0249894314644976	0.0452	0.0315	0.0384	0.0384	TRUE	NA
FBtr0088245	6423	2386	2838	4549	1984	2457	3319	3573	3997	2325	2727	3048	3164.8	3630	2700	0.741	-0.432	-3.131	0.00174174970570208	0.0249894314644976	0.0045	0.0276	0.0134	0.0134	TRUE	NA
FBtr0086946	1661	539	385	1082	278	361	858	807	542	553	382	448	598.44	736	461	0.625	-0.677	-3.119	0.00181175017783836	0.025925282306687	0.0265	0.0363	0.032	0.032	TRUE	NA
FBtr0331991	2455	721	770	1749	599	676	1269	1080	1084	894	823	838	998.09	1144	852	0.745	-0.424	-3.119	0.00181752792221904	0.0259667420266317	0	0.032	0.0122	0.0122	TRUE	NA
FBtr0072520	1473	206	179	729	152	150	761	308	252	373	209	186	348.22	440	256	0.617	-0.696	-3.111	0.0018625563244237	0.0264020690776226	0.0213	0.0441	0.032	0.032	TRUE	NA
FBtr0085359	3204	418	412	2588	294	316	1656	626	580	1323	404	392	830.11	954	706	0.708	-0.499	-3.106	0.00189461087653663	0.0268130565965114	0.0042	0.0333	0.0167	0.0167	TRUE	NA
FBtr0072436	993	333	352	636	263	299	513	499	496	325	362	371	427.5	503	353	0.698	-0.518	-3.105	0.00190103803795846	0.0268618462573598	0	0.0407	0.0175	0.0175	TRUE	NA
FBtr0303097	547	134	164	199	91	129	283	201	231	102	125	160	183.52	238	129	0.535	-0.903	-3.1	0.00193362612132692	0.0272795610074526	0.049	0.0608	0.0548	0.0548	TRUE	NA
FBtr0335406	37	35	15	13	5	4	19	52	21	7	7	5	18.52	31	6	0.215	-2.218	-3.099	0.00194339157741354	0.0273744922974735	0.1827	0.3747	0.2749	0.2749	TRUE	NA
FBtr0072995	2954	794	913	676	740	544	1526	1189	1286	346	1017	675	1006.46	1334	679	0.476	-1.071	-3.096	0.00195908107591159	0.0275095263229642	0.1425	0.032	0.085	0.085	TRUE	NA
FBtr0300853	67	50	14	17	8	9	35	75	20	9	11	11	26.68	43	10	0.24	-2.056	-3.097	0.00195704399259278	0.0275095263229642	0.2467	0.268	0.2571	0.2571	TRUE	NA
FBtr0302691	458	101	82	202	67	56	237	151	115	103	92	69	128.03	168	88	0.536	-0.9	-3.095	0.00196849603464381	0.0275558878141521	0.0264	0.0761	0.0511	0.0511	TRUE	NA
FBtr0332745	701	369	370	493	291	270	362	553	521	252	400	335	403.8	479	329	0.688	-0.539	-3.086	0.00202971977731788	0.0281940274152861	0.0017	0.0416	0.0194	0.0194	TRUE	NA
FBtr0332999	454	111	135	253	82	96	235	166	190	129	113	119	158.68	197	120	0.611	-0.71	-3.07	0.00214056136992241	0.02955154785582	0	0.0663	0.0313	0.0313	TRUE	NA
FBtr0088679	386	271	196	204	170	151	199	406	276	104	234	187	234.43	294	175	0.583	-0.778	-3.067	0.00216156624137992	0.0297504117038778	0.0295	0.0531	0.0416	0.0416	TRUE	NA
FBtr0084139	1222	433	462	914	349	372	631	648	651	467	480	461	556.47	643	469	0.73	-0.454	-3.066	0.00216725356649055	0.0297832178382809	0	0.0372	0.0139	0.0139	TRUE	NA
FBtr0076126	270	114	106	219	39	48	140	171	149	112	54	60	114.1	153	75	0.475	-1.073	-3.062	0.0021961920553257	0.0300435074032795	0.0727	0.0822	0.0774	0.0774	TRUE	NA
FBtr0306523	10386	3378	3819	6509	2867	3474	5367	5059	5378	3327	3941	4309	4563.46	5268	3859	0.729	-0.457	-3.063	0.00219329724441002	0.0300435074032795	0.007	0.027	0.0158	0.0158	TRUE	NA
FBtr0343669	1250	542	670	866	490	476	646	812	944	443	674	590	684.63	801	569	0.708	-0.499	-3.059	0.00221869304868077	0.0302594823507673	0.0049	0.035	0.0176	0.0176	TRUE	NA
FBtr0343268	92	41	65	50	19	24	48	61	92	26	26	30	46.99	67	27	0.421	-1.249	-3.056	0.00224669701835624	0.0305489798197308	0.0308	0.1632	0.0944	0.0944	TRUE	NA
FBtr0303445	71	22	20	26	6	7	37	33	28	13	8	9	21.34	33	10	0.31	-1.691	-3.053	0.0022691453567726	0.0308077490832907	0	0.3286	0.1527	0.1527	TRUE	NA
FBtr0330156	1328	502	439	604	373	399	686	752	618	309	513	495	562.1	685	439	0.623	-0.684	-3.05	0.00228615482996812	0.0309558487861135	0.0318	0.037	0.0342	0.0342	TRUE	NA
FBtr0084403	1167	398	366	380	279	334	603	596	515	194	384	414	451.09	571	331	0.549	-0.865	-3.048	0.00230446405042207	0.031146541850907	0.072	0.0399	0.0555	0.0555	TRUE	NA
FBtr0073268	120	97	67	65	43	43	62	145	94	33	59	53	74.55	100	48	0.492	-1.024	-3.039	0.0023698937384423	0.0318874508239661	0.0244	0.1123	0.0662	0.0662	TRUE	NA
FBtr0072800	715	302	286	561	198	204	369	452	403	287	272	253	339.41	408	271	0.667	-0.583	-3.037	0.00238919877416216	0.0319119784463699	0.0069	0.0446	0.0233	0.0233	TRUE	NA
FBtr0082686	511	165	191	341	113	144	264	247	269	174	155	179	214.73	260	169	0.652	-0.617	-3.038	0.00238378547510301	0.0319119784463699	0	0.0557	0.0246	0.0246	TRUE	NA
FBtr0332925	4681	798	617	4474	315	347	2419	1195	869	2287	433	430	1272.16	1494	1050	0.551	-0.861	-3.023	0.00250660988535752	0.03308504848682	0.0873	0.0306	0.057	0.057	TRUE	NA
FBtr0344847	442	74	91	187	63	49	228	111	128	96	87	61	118.39	156	81	0.533	-0.908	-3.021	0.00252032762317985	0.0332174759107695	0.0284	0.0802	0.0543	0.0543	TRUE	NA
FBtr0080242	18138	6496	6661	11038	5301	6411	9373	9728	9381	5642	7287	7952	8226.98	9494	6960	0.726	-0.462	-3.018	0.00254470168442736	0.0334409412319427	0.0102	0.0263	0.0168	0.0168	TRUE	NA
FBtr0301289	2562	1316	1231	2491	587	710	1324	1971	1734	1273	807	881	1331.5	1676	987	0.585	-0.775	-3.016	0.00255771891178328	0.0335630800432696	0.0638	0.0304	0.0466	0.0466	TRUE	NA
FBtr0334275	870	208	260	643	164	145	450	311	366	329	225	180	310.19	376	245	0.643	-0.638	-3.013	0.00258757699479108	0.033758330836529	0.0124	0.0464	0.0284	0.0284	TRUE	NA
FBtr0089463	1723	511	579	1249	443	469	890	765	815	638	609	582	716.68	823	610	0.74	-0.434	-3.002	0.00267775795344947	0.03473379561201	0	0.0346	0.0135	0.0135	TRUE	NA
FBtr0071315	1458	570	613	934	442	561	753	854	863	477	608	696	708.52	823	594	0.713	-0.487	-2.999	0.00270868499127821	0.0350341394496027	0.0053	0.0347	0.0175	0.0175	TRUE	NA
FBtr0077100	4819	1342	1419	2839	1166	1277	2490	2010	1998	1451	1603	1584	1856.01	2166	1546	0.716	-0.483	-2.992	0.00277586494032884	0.0358003182218376	0.012	0.029	0.0182	0.0182	TRUE	NA
FBtr0100008	4956	2130	1830	2128	1559	1802	2561	3190	2577	1088	2143	2235	2298.96	2776	1822	0.626	-0.676	-2.99	0.00278556741073584	0.0358741288682623	0.0442	0.0284	0.0364	0.0364	TRUE	NA
FBtr0086148	913	275	294	482	228	244	472	412	414	246	313	303	360.01	433	287	0.658	-0.603	-2.99	0.00279102568514225	0.035893147719768	0.0127	0.0435	0.0263	0.0263	TRUE	NA
FBtr0304053	1015	297	267	772	197	167	525	445	376	395	271	207	369.63	449	291	0.638	-0.649	-2.988	0.00280635862600599	0.0359365383713693	0.0196	0.043	0.0308	0.0308	TRUE	NA
FBtr0305029	12071	5007	4200	5878	3796	4054	6238	7498	5915	3004	5218	5028	5483.58	6550	4417	0.655	-0.61	-2.988	0.00280367121799806	0.0359365383713693	0.0327	0.0267	0.0298	0.0298	TRUE	NA
FBtr0076457	742	270	323	546	215	234	383	404	455	279	296	290	351.25	414	288	0.698	-0.519	-2.985	0.00283865861160527	0.0362471775971975	0	0.044	0.0187	0.0187	TRUE	NA
FBtr0075151	6013	2247	1880	4281	1630	1760	3107	3365	2648	2188	2241	2183	2621.91	3040	2204	0.725	-0.464	-2.98	0.00287954396357371	0.0367172402144512	0.009	0.028	0.017	0.017	TRUE	NA
FBtr0306326	449	158	179	260	117	142	232	237	252	133	161	176	198.43	240	157	0.645	-0.632	-2.978	0.00290242565196375	0.0369567334074198	0	0.0581	0.027	0.027	TRUE	NA
FBtr0070515	580	80	143	141	79	73	300	120	201	72	109	91	148.69	207	91	0.448	-1.159	-2.97	0.00297618847573727	0.0378425093212574	0.1364	0.069	0.101	0.101	TRUE	NA
FBtr0070207	363	101	114	185	61	91	188	151	161	95	84	113	131.78	167	97	0.582	-0.782	-2.962	0.0030518693638224	0.0386412953860378	0.0099	0.0746	0.0415	0.0415	TRUE	NA
FBtr0339593	118872	19795	12463	65172	12658	9870	61427	29644	17551	33310	17400	12243	28595.72	36207	20984	0.598	-0.742	-2.958	0.00309211254288281	0.0389321153269393	0.0666	0.0258	0.0452	0.0452	TRUE	NA
FBtr0085841	454	130	111	173	66	107	235	195	156	88	91	133	149.58	195	104	0.53	-0.916	-2.955	0.00312626704944895	0.0392525034133459	0.0539	0.0688	0.0613	0.0613	TRUE	NA
FBtr0303010	678	6	3	162	2	3	350	9	4	83	3	4	75.47	121	30	0.307	-1.705	-2.95	0.00317552313830893	0.0397050500580514	0.1277	0.1112	0.1168	0.1168	TRUE	NA
FBtr0074964	482	74	52	282	34	39	249	111	73	144	47	48	112.06	144	80	0.541	-0.885	-2.946	0.0032174819635158	0.0401183954371991	0.0149	0.0833	0.0511	0.0511	TRUE	NA
FBtr0305350	522	11	7	145	5	5	270	16	10	74	7	6	63.88	99	29	0.359	-1.476	-2.937	0.00331265342374691	0.0410778137758987	0.0741	0.1268	0.1047	0.1047	TRUE	NA
FBtr0452125	2534	842	702	1937	537	643	1309	1261	989	990	738	798	1014.12	1186	842	0.707	-0.5	-2.93	0.00339426853422627	0.0419743907216047	0.0106	0.0319	0.0198	0.0198	TRUE	NA
FBtr0079576	4191	1353	1349	2880	1127	1279	2166	2026	1900	1472	1549	1586	1783.21	2031	1536	0.756	-0.404	-2.926	0.00342804053838715	0.0423339526761098	0.0033	0.0292	0.0131	0.0131	TRUE	NA
FBtr0079402	289	64	79	150	37	55	149	96	111	77	51	68	92.03	119	65	0.551	-0.859	-2.922	0.00347763873505924	0.0427706864891665	3e-04	0.0958	0.0493	0.0493	TRUE	NA
FBtr0072572	170	90	79	59	57	60	88	135	111	30	78	74	86.14	111	61	0.507	-0.979	-2.92	0.00350302317775224	0.0430241879392868	0	0.1006	0.0678	0.0678	TRUE	NA
FBtr0087451	2613	701	913	1985	599	687	1350	1050	1286	1015	823	852	1062.65	1229	897	0.729	-0.456	-2.914	0.00357301532858578	0.0434219235299999	0.006	0.0316	0.0166	0.0166	TRUE	NA
FBtr0336460	3039	871	1007	2084	796	849	1570	1304	1418	1065	1094	1053	1250.89	1431	1071	0.749	-0.418	-2.914	0.00357393979581363	0.0434219235299999	0.0031	0.0307	0.0139	0.0139	TRUE	NA
FBtr0345369	267409	54565	39963	224572	30404	30650	138184	81712	56279	114779	41794	38018	78461.12	92058	64864	0.652	-0.616	-2.912	0.00359519773459602	0.0436214099291832	0.0253	0.0256	0.0323	0.0323	TRUE	NA
FBtr0076267	3665	1256	1151	2150	944	1152	1894	1881	1621	1099	1298	1429	1536.86	1799	1275	0.705	-0.504	-2.909	0.00362423441008114	0.0439146145253784	0.0143	0.0297	0.0209	0.0209	TRUE	NA
FBtr0077822	2845	533	463	2567	237	323	1470	798	652	1312	326	401	826.47	973	680	0.611	-0.71	-2.907	0.0036498657964538	0.0441066221917305	0.0489	0.0334	0.0411	0.0411	TRUE	NA
FBtr0340308	9579	4165	4668	6484	3645	4317	4950	6237	6574	3314	5011	5355	5240.04	5920	4560	0.759	-0.397	-2.904	0.00367877514153125	0.0442779144204329	0.005	0.0268	0.0133	0.0133	TRUE	NA
FBtr0074669	5987	2936	3422	4790	2572	2933	3094	4397	4819	2448	3536	3638	3655.24	4103	3207	0.783	-0.353	-2.896	0.00377585853104301	0.0451847690001394	0.0012	0.0273	0.0104	0.0104	TRUE	NA
FBtr0290318	73	76	83	38	51	37	38	114	117	19	70	46	67.31	90	45	0.506	-0.983	-2.896	0.00377741025734984	0.0451847690001394	3e-04	0.1216	0.0647	0.0647	TRUE	NA
FBtr0343128	45	16	58	2	17	2	23	24	82	1	23	2	25.96	43	9	0.151	-2.729	-2.896	0.00378419307766004	0.0451847690001394	0.8984	0.2747	0.5505	0.5505	TRUE	NA
FBtr0080776	411	135	125	331	64	40	212	202	176	169	88	50	149.56	197	102	0.48	-1.06	-2.892	0.0038281469007429	0.0453407535546411	0.1095	0.0688	0.0877	0.0877	TRUE	NA
FBtr0080941	245	72	60	151	35	39	127	108	84	77	48	48	82.1	106	58	0.541	-0.885	-2.892	0.00382510286372641	0.0453407535546411	0	0.1043	0.0526	0.0526	TRUE	NA
FBtr0090016	244	107	116	122	86	67	126	160	163	62	118	83	118.89	150	88	0.573	-0.804	-2.893	0.00381810847295191	0.0453407535546411	0.012	0.0799	0.0463	0.0463	TRUE	NA
FBtr0073562	252	76	57	166	27	35	130	114	80	85	37	43	81.61	108	55	0.493	-1.019	-2.888	0.00387711985290041	0.0457715697269551	0	0.1048	0.0737	0.0737	TRUE	NA
FBtr0114628	2559	555	476	1262	382	487	1322	831	670	645	525	604	766.34	941	591	0.649	-0.625	-2.888	0.00388063237122917	0.0457715697269551	0.0305	0.034	0.0321	0.0321	TRUE	NA
FBtr0310624	96	37	35	47	15	18	50	55	49	24	21	22	36.88	51	22	0.438	-1.192	-2.887	0.00388410991027406	0.0457715697269551	0	0.2009	0.0898	0.0898	TRUE	NA
FBtr0088745	2009	581	634	1570	477	542	1038	870	893	802	656	672	821.91	934	710	0.76	-0.396	-2.882	0.00394863000696066	0.0464711481889692	0	0.0334	0.0122	0.0122	TRUE	NA
FBtr0078761	862	315	205	575	149	186	445	472	289	294	205	231	322.55	402	243	0.602	-0.732	-2.882	0.0039547226684448	0.0464821706076009	0.04	0.0456	0.0428	0.0428	TRUE	NA
FBtr0086060	4216	1326	1263	3001	1067	1215	2179	1986	1779	1534	1467	1507	1741.77	1981	1503	0.76	-0.397	-2.88	0.00397142432108283	0.0465570744532663	0.0032	0.0293	0.013	0.013	TRUE	NA
FBtr0090028	517	98	110	260	75	85	267	147	155	133	103	105	151.71	190	114	0.611	-0.712	-2.877	0.00401752416507885	0.0468537908773426	0.0102	0.0682	0.0361	0.0361	TRUE	NA
FBtr0301726	353	165	153	166	125	120	182	247	215	85	172	149	175.08	215	135	0.604	-0.728	-2.873	0.0040600694858379	0.0472277760191338	0	0.0625	0.0401	0.0401	TRUE	NA
FBtr0339149	421	138	277	264	92	134	218	207	390	135	126	166	206.99	272	142	0.532	-0.911	-2.873	0.00407097170216044	0.0472935694522891	0.0776	0.0568	0.0669	0.0669	TRUE	NA
FBtr0084705	2328	841	864	1153	680	814	1203	1259	1217	589	935	1010	1035.48	1226	845	0.67	-0.578	-2.871	0.00408680597423223	0.0474164168052812	0.0251	0.0318	0.0281	0.0281	TRUE	NA
FBtr0080894	398	181	202	324	96	129	206	271	284	166	132	160	203.13	254	153	0.612	-0.709	-2.864	0.00418192029725397	0.0483333480509545	0.0221	0.0574	0.0387	0.0387	TRUE	NA
FBtr0081283	239	93	147	154	69	73	124	139	207	79	95	91	122.32	157	88	0.569	-0.813	-2.86	0.00424218853253909	0.0489045135816367	0.0225	0.0784	0.0491	0.0491	TRUE	NA
FBtr0083221	920	331	381	658	230	320	475	496	537	336	316	397	426.17	503	350	0.697	-0.521	-2.857	0.00427541363962574	0.049161803521972	0.0049	0.0407	0.0214	0.0214	TRUE	NA
FBtr0071216	5660	1380	1923	2879	1451	944	2925	2067	2708	1471	1995	1171	2056.08	2567	1546	0.604	-0.727	-2.855	0.00430263683287971	0.0494118102527524	0.0744	0.0287	0.0461	0.0461	TRUE	NA
FBtr0345107	304	142	185	212	106	117	157	213	261	108	146	145	171.58	210	133	0.64	-0.644	-2.853	0.00432626083208456	0.0496199000015806	0.0031	0.0632	0.0304	0.0304	TRUE	NA
FBtr0302386	1138	311	289	959	192	200	588	466	407	490	264	248	410.49	487	334	0.665	-0.589	-2.852	0.0043464383735185	0.0497879821312189	0.0161	0.0413	0.0277	0.0277	TRUE	NA
FBtr0079653	1866	402	369	1437	249	332	964	602	520	734	342	412	595.74	695	496	0.703	-0.508	-2.85	0.00436601850852092	0.0499488031146143	0.0077	0.0364	0.0207	0.0207	TRUE	NA
