Id	Ctrl1	Ctrl3	Ctrl4	RNAi1	RNAi3	RNAi4	norm.Ctrl1	norm.Ctrl3	norm.Ctrl4	norm.RNAi1	norm.RNAi3	norm.RNAi4	baseMean	Untreated	RNAi	FoldChange	log2FoldChange	stat	pvalue	padj	dispGeneEst	dispFit	dispMAP	dispersion	betaConv	maxCooks
FBtr0300190	2405	797	746	111	24	47	1243	1194	1051	57	33	58	605.82	1163	49	0.043	-4.536	-16.283	1.31022348219461e-59	1.24851195618324e-55	0.014	0.0958	0.0455	0.0455	TRUE	0.5264
FBtr0085755	767	320	331	46	14	28	396	479	466	24	19	35	236.53	447	26	0.057	-4.123	-13.717	8.02087098142806e-43	2.5476959860676e-39	0.0106	0.1077	0.0449	0.0449	TRUE	0.4241
FBtr0070985	1416	399	365	105	37	37	732	598	514	54	51	46	332.28	615	50	0.082	-3.61	-13.528	1.06836094892827e-41	2.54510287058438e-38	0.0205	0.1021	0.0406	0.0406	TRUE	0.1102
FBtr0074337	2035	1505	1138	148	85	70	1052	2254	1603	76	117	87	864.55	1636	93	0.057	-4.143	-11.148	7.29412040212282e-29	6.95056733118283e-26	0.0937	0.0935	0.0936	0.0936	TRUE	0.0646
FBtr0302694	3011	1194	1189	564	253	314	1556	1788	1674	288	348	389	1007.33	1673	342	0.204	-2.296	-11.119	1.009830986709e-28	8.74789042940916e-26	0.0108	0.0928	0.0289	0.0289	TRUE	0.2355
FBtr0073421	11202	3237	3837	126	32	151	5789	4847	5404	64	44	187	2722.57	5347	98	0.018	-5.766	-10.974	5.10447858534205e-28	4.05338136997703e-25	0.2624	0.0899	0.1936	0.1936	TRUE	5.6866
FBtr0078144	10951	3766	2397	1164	483	449	5659	5640	3376	595	664	557	2748.35	4892	605	0.124	-3.015	-10.658	1.59212483798858e-26	1.16702750624563e-23	0.0449	0.0899	0.0567	0.0567	TRUE	0.8927
FBtr0072087	1737	669	614	434	159	140	898	1002	865	222	219	174	563.03	922	205	0.223	-2.166	-10.563	4.44584056364326e-26	3.02602962363976e-23	0.0072	0.0964	0.0272	0.0272	TRUE	0.1809
FBtr0089484	1395	442	447	213	51	49	721	662	630	109	70	61	375.34	671	80	0.121	-3.045	-10.186	2.28160764760579e-24	1.35883995462722e-21	0.0381	0.1005	0.0573	0.0573	TRUE	1.1302
FBtr0310637	676	489	516	74	44	34	349	732	727	38	60	42	324.79	603	47	0.077	-3.698	-9.115	7.8675612791616e-20	4.16499952384061e-17	0.1088	0.1024	0.1067	0.1067	TRUE	1.6447
FBtr0089361	1070	395	364	354	105	126	553	592	513	181	144	156	356.44	553	160	0.293	-1.773	-8.624	6.47322782064215e-18	2.80379035922268e-15	0.0051	0.1011	0.0263	0.0263	TRUE	0.1525
FBtr0334867	2134	498	661	115	48	111	1103	746	931	59	66	138	506.97	927	88	0.094	-3.415	-8.518	1.61913266776633e-17	6.70813703962842e-15	0.1158	0.0973	0.1093	0.1093	TRUE	0.4993
FBtr0333662	1167	526	369	279	70	85	603	788	520	143	96	105	375.78	637	115	0.182	-2.459	-8.359	6.33038727139733e-17	2.51342751288105e-14	0.0384	0.1005	0.057	0.057	TRUE	0.2271
FBtr0344980	3769	1765	1589	1402	538	520	1948	2643	2238	717	740	645	1488.27	2276	701	0.308	-1.699	-8.259	1.47400019790964e-16	5.40221072533881e-14	0.0129	0.0913	0.0295	0.0295	TRUE	0.1257
FBtr0072561	489	144	169	85	42	50	253	216	238	43	58	62	144.92	236	54	0.226	-2.143	-7.967	1.62824660261381e-15	5.3501937504507e-13	0.0095	0.12	0.0405	0.0405	TRUE	0.3773
FBtr0071934	2632	870	1155	680	347	348	1360	1303	1627	348	477	432	924.28	1430	419	0.292	-1.776	-7.877	3.34590223247783e-15	1.0315270727773e-12	0.0173	0.0932	0.035	0.035	TRUE	0.2731
FBtr0087789	449	150	170	108	42	59	232	225	239	55	58	73	147.03	232	62	0.265	-1.916	-7.877	3.35579171540522e-15	1.0315270727773e-12	0	0.1195	0.0322	0.0322	TRUE	0.1931
FBtr0087115	234	75	81	40	9	10	121	112	114	20	12	12	65.42	116	15	0.137	-2.868	-7.847	4.27167297460352e-15	1.23347793257567e-12	0	0.1585	0.0612	0.0612	TRUE	0.7736
FBtr0112532	266	48	85	11	1	1	137	72	120	6	1	1	56.21	110	3	0.03	-5.053	-7.684	1.53921808575856e-14	4.31388504093922e-12	0.1603	0.17	0.1657	0.1657	TRUE	1.1619
FBtr0070393	620	205	228	153	71	86	320	307	321	78	98	107	205.16	316	94	0.294	-1.765	-7.606	2.8252521246319e-14	7.69195071303352e-12	0.0046	0.1106	0.0316	0.0316	TRUE	0.2786
FBtr0077234	5787	2196	2096	2058	925	1043	2990	3289	2952	1052	1272	1294	2141.31	3077	1206	0.391	-1.353	-7.562	3.97005007259038e-14	1.05085019838094e-11	0.0071	0.0904	0.0225	0.0225	TRUE	0.1543
FBtr0113113	1036	245	293	234	89	92	535	367	413	120	122	114	278.49	438	119	0.27	-1.89	-7.553	4.24586019960875e-14	1.0934811308668e-11	0.0201	0.1047	0.0396	0.0396	TRUE	0.3585
FBtr0299968	2277	879	1073	492	294	283	1177	1316	1511	251	404	351	835.11	1335	335	0.251	-1.997	-7.486	7.09946593549863e-14	1.78028449735175e-11	0.0318	0.0937	0.0493	0.0493	TRUE	0.4256
FBtr0087295	2017	574	676	724	218	235	1042	860	952	370	300	291	635.84	951	320	0.338	-1.566	-7.479	7.50288603106385e-14	1.83320515358993e-11	0.0118	0.0954	0.0294	0.0294	TRUE	0.226
FBtr0087307	1934	837	913	707	302	247	999	1253	1286	361	415	306	770.24	1179	361	0.306	-1.707	-7.474	7.78515143478683e-14	1.85461770055209e-11	0.0175	0.0942	0.0357	0.0357	TRUE	0.2199
FBtr0082139	749	168	148	94	30	41	387	252	208	48	41	51	164.53	282	47	0.165	-2.599	-7.45	9.31610221246488e-14	2.16519848737995e-11	0.0584	0.1162	0.075	0.075	TRUE	0.3857
FBtr0111030	6171	1226	985	666	132	170	3189	1836	1387	340	181	211	1190.78	2137	244	0.115	-3.125	-7.419	1.18080373647486e-13	2.67901876306404e-11	0.1528	0.0921	0.1255	0.1255	TRUE	0.3143
FBtr0080932	703	221	329	129	50	86	363	331	463	66	69	107	233.15	386	81	0.207	-2.271	-7.351	1.96466054649782e-13	4.35377915059946e-11	0.0406	0.1079	0.061	0.061	TRUE	0.7048
FBtr0089963	1929	493	465	457	165	170	997	738	655	234	227	211	510.2	797	224	0.281	-1.834	-7.313	2.60630882064678e-13	5.51900372265403e-11	0.0255	0.0972	0.0423	0.0423	TRUE	0.4509
FBtr0310653	230	121	95	42	7	18	119	181	134	21	10	22	81.21	145	18	0.127	-2.976	-7.293	3.02152703857313e-13	6.25915894577464e-11	0.052	0.1449	0.0893	0.0893	TRUE	0.49
FBtr0079708	1154	377	462	492	158	207	596	565	651	251	217	257	422.82	604	242	0.401	-1.317	-6.991	2.72335032526309e-12	5.19016104988639e-10	0.0022	0.0991	0.0225	0.0225	TRUE	0.0796
FBtr0303384	3045	1221	589	552	125	122	1574	1828	829	282	172	151	806.12	1410	202	0.144	-2.8	-6.801	1.04248593654253e-11	1.91035547871418e-09	0.1243	0.0939	0.1192	0.1192	TRUE	0.3113
FBtr0070457	2875	973	879	1230	375	425	1486	1457	1238	629	515	527	975.32	1394	557	0.4	-1.32	-6.748	1.50079028529271e-11	2.69830766576496e-09	0.01	0.0929	0.0263	0.0263	TRUE	0.1556
FBtr0073423	3319	583	819	387	113	51	1715	873	1153	198	155	63	692.99	1247	139	0.112	-3.162	-6.62	3.58633457502663e-11	6.19968561475399e-09	0.1985	0.0948	0.1603	0.1603	TRUE	0.3221
FBtr0308065	2958	770	925	935	214	264	1529	1153	1303	478	294	327	847.3	1328	366	0.277	-1.853	-6.588	4.44546065111283e-11	7.4317183411323e-09	0.0432	0.0936	0.0552	0.0552	TRUE	0.552
FBtr0081958	118	26	37	3	3	1	61	39	52	2	4	1	26.49	51	2	0.041	-4.623	-6.547	5.8783964450299e-11	9.49410842791355e-09	0	0.2619	0.1301	0.1301	TRUE	0.2348
FBtr0100595	654	213	250	191	64	109	338	319	352	98	88	135	221.63	336	107	0.317	-1.658	-6.518	7.147124254114e-11	1.13508245029087e-08	0.011	0.109	0.0402	0.0402	TRUE	0.4804
FBtr0334309	1029	213	282	103	77	41	532	319	397	53	106	51	242.87	416	70	0.166	-2.593	-6.486	8.80604477654485e-11	1.35343226896284e-08	0.1059	0.1072	0.1064	0.1064	TRUE	0.4313
FBtr0344981	3763	509	490	273	116	118	1945	762	690	140	159	146	640.36	1132	148	0.131	-2.934	-6.439	1.20590297500295e-10	1.82397610298461e-08	0.172	0.0954	0.1457	0.1457	TRUE	4.7753
FBtr0112851	2172	620	628	735	213	187	1122	928	884	376	293	232	639.28	978	300	0.308	-1.7	-6.312	2.76262845465275e-10	3.92911739468449e-08	0.034	0.0954	0.05	0.05	TRUE	0.5852
FBtr0332042	1918	701	584	656	251	345	991	1050	822	335	345	428	661.93	954	369	0.386	-1.372	-6.274	3.52555657138155e-10	4.94044537774923e-08	0.0143	0.0952	0.0325	0.0325	TRUE	0.215
FBtr0345487	342	117	96	82	39	26	177	175	135	42	54	32	102.48	162	43	0.261	-1.94	-6.228	4.73099622896566e-10	6.44023758083054e-08	0.0161	0.1331	0.0548	0.0548	TRUE	0.2933
FBtr0087533	10009	3583	3867	3701	1795	2072	5172	5366	5446	1892	2467	2570	3818.79	5328	2310	0.433	-1.207	-6.047	1.47858119795155e-09	1.93005482675072e-07	0.0124	0.0894	0.0284	0.0284	TRUE	0.3085
FBtr0446106	218	189	186	60	26	30	113	283	262	31	36	37	126.87	219	35	0.158	-2.666	-6.023	1.71712163999046e-09	2.21114217668501e-07	0.1235	0.1245	0.1239	0.1239	TRUE	1.8005
FBtr0089359	872	163	174	152	42	56	451	244	245	78	58	69	190.77	313	68	0.218	-2.196	-6.016	1.78689945037714e-09	2.27031531501917e-07	0.076	0.1123	0.0868	0.0868	TRUE	1.7528
FBtr0089877	1391	371	390	498	162	209	719	556	549	255	223	259	426.68	608	246	0.403	-1.31	-5.902	3.59814778744846e-09	4.45282470994758e-07	0.0142	0.099	0.0325	0.0325	TRUE	0.3133
FBtr0329957	1727	847	995	765	322	356	892	1268	1401	391	443	442	806.21	1187	425	0.358	-1.482	-5.845	5.07172712863153e-09	6.11753010237087e-07	0.0293	0.0939	0.0446	0.0446	TRUE	0.4301
FBtr0307289	1257	577	579	209	185	130	650	864	815	107	254	161	475.23	776	174	0.223	-2.165	-5.796	6.80126090333734e-09	8.00113767258044e-07	0.0969	0.0979	0.0968	0.0968	TRUE	1.6641
FBtr0079632	2019	725	867	1117	359	459	1043	1086	1221	571	493	569	830.62	1117	544	0.489	-1.033	-5.781	7.40406902168847e-09	8.47983122070179e-07	0.0052	0.0937	0.0216	0.0216	TRUE	0.079
FBtr0074338	11906	3679	4780	6308	2074	2572	6152	5509	6732	3224	2851	3190	4609.78	6131	3088	0.504	-0.989	-5.745	9.16528886407455e-09	1.00386250098582e-06	0.0068	0.0892	0.0211	0.0211	TRUE	0.0954
FBtr0310438	458	189	199	203	86	91	237	283	280	104	118	113	189.13	267	112	0.418	-1.258	-5.718	1.07529672034914e-08	1.15129240991089e-06	0	0.1125	0.0282	0.0282	TRUE	0.1225
FBtr0308034	623	211	199	177	78	111	322	316	280	90	107	138	208.92	306	112	0.362	-1.467	-5.665	1.47403975963214e-08	1.56068054105941e-06	0.0174	0.1102	0.0419	0.0419	TRUE	0.3973
FBtr0075077	914	253	196	203	28	49	472	379	276	104	38	61	221.7	376	68	0.183	-2.453	-5.624	1.86247274046705e-08	1.92907638520767e-06	0.1412	0.109	0.1281	0.1281	TRUE	0.2979
FBtr0306244	692	177	204	184	59	102	358	265	287	94	81	127	201.93	303	101	0.33	-1.6	-5.618	1.93222284071689e-08	1.97980123109583e-06	0.028	0.111	0.0515	0.0515	TRUE	0.4515
FBtr0087431	937	320	341	311	173	146	484	479	480	159	238	181	336.91	481	193	0.398	-1.331	-5.603	2.10465950756342e-08	2.13354260080552e-06	0.0154	0.1019	0.0368	0.0368	TRUE	0.4313
FBtr0302692	3397	574	578	566	190	228	1755	860	814	289	261	283	710.37	1143	278	0.243	-2.042	-5.506	3.6781785384348e-08	3.6133364219325e-06	0.0974	0.0947	0.0968	0.0968	TRUE	2.6683
FBtr0303994	215	58	53	45	21	15	111	87	75	23	29	19	57.18	91	24	0.255	-1.973	-5.401	6.62600114242912e-08	6.3776934228492e-06	0.0256	0.1687	0.0691	0.0691	TRUE	0.2447
FBtr0308626	945	272	336	386	173	165	488	407	473	197	238	205	334.77	456	213	0.465	-1.105	-5.396	6.80491378561254e-08	6.48440234631019e-06	0.0061	0.102	0.0266	0.0266	TRUE	0.1035
FBtr0332500	3925	1171	1050	1639	436	563	2028	1754	1479	838	599	698	1232.65	1754	712	0.406	-1.299	-5.377	7.57504062663436e-08	7.14678832982167e-06	0.0249	0.0919	0.041	0.041	TRUE	0.1175
FBtr0076525	1992	741	873	1128	441	499	1029	1110	1229	577	606	619	861.69	1123	601	0.535	-0.902	-5.339	9.3553327390129e-08	8.65504521068485e-06	0.0042	0.0935	0.0192	0.0192	TRUE	0.082
FBtr0078915	1729	518	658	839	320	386	893	776	927	429	440	479	657.22	865	449	0.518	-0.948	-5.319	1.04606053281785e-07	9.4036894502088e-06	0.0042	0.0952	0.0211	0.0211	TRUE	0.0938
FBtr0076140	546	185	186	271	100	102	282	277	262	139	137	127	203.94	274	134	0.49	-1.028	-5.258	1.45482930440477e-07	1.28361744830306e-05	0	0.1108	0.0218	0.0218	TRUE	0.0235
FBtr0310647	2609	1056	810	951	205	150	1348	1581	1141	486	282	186	837.37	1357	318	0.235	-2.088	-5.23	1.69588136021714e-07	1.48257371389992e-05	0.1264	0.0937	0.1128	0.1128	TRUE	0.8404
FBtr0082183	2740	1006	1025	1033	290	569	1416	1507	1443	528	399	706	999.71	1455	544	0.374	-1.419	-5.22	1.78634047210341e-07	1.54745803260667e-05	0.0388	0.0928	0.0519	0.0519	TRUE	0.771
FBtr0084659	937	316	360	349	167	202	484	473	507	178	230	251	353.82	488	220	0.447	-1.162	-5.196	2.03268612295634e-07	1.74499694285144e-05	0.0124	0.1012	0.0325	0.0325	TRUE	0.3368
FBtr0087008	2280	834	908	1192	402	579	1178	1249	1279	609	553	718	930.98	1235	627	0.507	-0.979	-5.194	2.05752664809549e-07	1.7505510205091e-05	0.0072	0.0932	0.0243	0.0243	TRUE	0.186
FBtr0111027	493	112	122	61	46	45	255	168	172	31	63	56	124.09	198	50	0.247	-2.018	-5.181	2.20718443350393e-07	1.84963785723174e-05	0.0824	0.1253	0.0961	0.0961	TRUE	1.2032
FBtr0087257	8402	2781	2910	4789	1464	1975	4342	4165	4098	2448	2012	2450	3252.39	4202	2303	0.548	-0.867	-5.111	3.20546093912403e-07	2.63317562835456e-05	0.0059	0.0896	0.0204	0.0204	TRUE	0.1461
FBtr0076792	3175	1057	1164	1369	683	668	1641	1583	1639	700	939	829	1221.66	1621	823	0.506	-0.982	-5.09	3.57163023252297e-07	2.89964350898422e-05	0.0094	0.092	0.0258	0.0258	TRUE	0.2108
FBtr0111028	906	147	142	72	46	58	468	220	200	37	63	72	176.71	296	57	0.191	-2.389	-5.089	3.59070137538187e-07	2.89964350898422e-05	0.1626	0.1142	0.1479	0.1479	TRUE	3.0524
FBtr0299952	460	127	150	190	73	70	238	190	211	97	100	87	153.9	213	95	0.443	-1.174	-5.043	4.58852620375165e-07	3.67429127693693e-05	0	0.1181	0.0312	0.0312	TRUE	0.1266
FBtr0302513	1083	376	394	450	207	248	560	563	555	230	285	308	416.62	559	274	0.488	-1.036	-5.036	4.74156590360134e-07	3.76519845795143e-05	0.0085	0.0993	0.0276	0.0276	TRUE	0.2493
FBtr0100462	2055	728	787	1324	425	499	1062	1090	1108	677	584	619	856.72	1087	627	0.578	-0.791	-4.973	6.60215905240295e-07	5.11479460246729e-05	0.0019	0.0936	0.0169	0.0169	TRUE	0.061
FBtr0336736	303	205	155	99	59	41	157	307	218	51	81	51	144.07	227	61	0.267	-1.907	-4.95	7.43387988749508e-07	5.66699531583525e-05	0.0849	0.1201	0.096	0.096	TRUE	0.1238
FBtr0078204	397	139	148	163	67	88	205	208	208	83	92	109	151.05	207	95	0.454	-1.138	-4.927	8.34616547229075e-07	6.31195323694115e-05	0	0.1187	0.0305	0.0305	TRUE	0.1606
FBtr0306930	221	78	119	92	33	39	114	117	168	47	45	48	89.89	133	47	0.355	-1.494	-4.91	9.09943506597433e-07	6.77410287059917e-05	0.0201	0.1394	0.0518	0.0518	TRUE	0.4942
FBtr0084449	741	216	218	340	106	132	383	323	307	174	146	164	249.43	338	161	0.477	-1.068	-4.874	1.09428333136152e-06	8.02109681887993e-05	0.0086	0.1067	0.0298	0.0298	TRUE	0.1692
FBtr0077235	647	172	156	178	64	99	334	258	220	91	88	123	185.56	271	101	0.369	-1.438	-4.861	1.16688218813723e-06	8.48795448149592e-05	0.0345	0.113	0.0559	0.0559	TRUE	0.2637
FBtr0303756	670	202	174	273	78	76	346	303	245	140	107	94	205.8	298	114	0.384	-1.382	-4.856	1.19644881199919e-06	8.63709146177292e-05	0.0308	0.1106	0.052	0.052	TRUE	0.2251
FBtr0078083	3964	778	909	1152	286	424	2048	1165	1280	589	393	526	1000.24	1498	503	0.336	-1.575	-4.84	1.30098837884674e-06	9.25158079256013e-05	0.0691	0.0928	0.0749	0.0749	TRUE	1.2599
FBtr0085423	917	329	349	231	119	188	474	493	491	118	164	233	328.81	486	172	0.351	-1.51	-4.834	1.33900004589894e-06	9.45135662027478e-05	0.0514	0.1022	0.0662	0.0662	TRUE	1.0345
FBtr0308631	819	267	212	127	103	98	423	400	299	65	142	122	241.61	374	110	0.289	-1.79	-4.817	1.4593455786058e-06	0.000102250764842166	0.0868	0.1072	0.0933	0.0933	TRUE	1.4802
FBtr0080565	3579	732	977	1258	301	371	1849	1096	1376	643	414	460	973.07	1440	506	0.351	-1.509	-4.813	1.48732529944914e-06	0.000102700889698919	0.0616	0.0929	0.0694	0.0694	TRUE	0.1808
FBtr0332930	648	207	151	236	71	62	335	310	213	121	98	77	192.1	286	99	0.346	-1.531	-4.814	1.48062082781388e-06	0.000102700889698919	0.0471	0.1122	0.0658	0.0658	TRUE	0.5401
FBtr0303857	32168	13613	11516	15661	3528	2867	16623	20386	16218	8004	4850	3556	11606.12	17742	5470	0.308	-1.697	-4.793	1.64229943234035e-06	0.000111781937791223	0.0957	0.0886	0.0902	0.0902	TRUE	2.0089
FBtr0078937	873	467	518	398	174	222	451	699	729	203	239	275	432.99	626	239	0.382	-1.389	-4.764	1.90231986167379e-06	0.000128561744410564	0.0437	0.0988	0.0582	0.0582	TRUE	0.7363
FBtr0307520	3761	1561	1378	1213	655	837	1943	2338	1941	620	900	1038	1463.38	2074	853	0.411	-1.284	-4.738	2.16191685236757e-06	0.000145076800607117	0.036	0.0914	0.052	0.052	TRUE	0.6993
FBtr0076771	1119	510	535	350	242	200	578	764	753	179	333	248	475.84	698	253	0.361	-1.469	-4.703	2.56513274765333e-06	0.000170931118548172	0.0534	0.0979	0.0675	0.0675	TRUE	0.7965
FBtr0113190	89	22	22	12	4	7	46	33	31	6	5	9	21.71	37	7	0.18	-2.476	-4.7	2.60125089210822e-06	0.0001721341649368	0	0.3001	0.1142	0.1142	TRUE	0.4941
FBtr0335178	8198	3587	4099	4645	1489	2244	4236	5372	5773	2374	2047	2783	3764.14	5127	2401	0.469	-1.094	-4.693	2.69808434935962e-06	0.000177310660448605	0.0234	0.0894	0.0388	0.0388	TRUE	0.2832
FBtr0305668	1106	264	265	384	131	157	572	395	373	196	180	195	318.52	447	190	0.425	-1.235	-4.67	3.01170409620405e-06	0.000195861881155191	0.0284	0.1027	0.0464	0.0464	TRUE	0.7266
FBtr0081004	327	104	114	155	46	41	169	156	161	79	63	51	113.1	162	64	0.404	-1.309	-4.662	3.13541214691445e-06	0.000201873934783431	0.0124	0.1289	0.0457	0.0457	TRUE	0.461
FBtr0345095	2080	687	772	1311	486	548	1075	1029	1087	670	668	680	868.12	1064	673	0.632	-0.662	-4.644	3.41522124326522e-06	0.000216957621513828	0	0.0935	0.0133	0.0133	TRUE	0.0094
FBtr0308254	6184	1033	736	1052	322	287	3196	1547	1036	538	443	356	1185.89	1926	446	0.231	-2.113	-4.621	3.82440737120704e-06	0.000241342899604185	0.1903	0.0921	0.1492	0.1492	TRUE	0.4317
FBtr0301847	3152	1008	995	1741	684	744	1629	1510	1401	890	940	923	1215.41	1513	918	0.606	-0.724	-4.614	3.9441596301288e-06	0.0002456463863758	0.0029	0.092	0.0168	0.0168	TRUE	0.0555
FBtr0089937	127	44	50	43	10	21	66	66	70	22	14	26	43.95	67	21	0.31	-1.689	-4.604	4.14173148002128e-06	0.000256276358916382	0	0.1929	0.0654	0.0654	TRUE	0.3051
FBtr0308253	3051	1106	982	1661	477	423	1577	1656	1383	849	656	525	1107.52	1539	677	0.44	-1.183	-4.592	4.37976518088812e-06	0.00026925666070118	0.0321	0.0924	0.0467	0.0467	TRUE	0.6065
FBtr0071690	3509	1298	1598	1978	756	978	1813	1944	2250	1011	1039	1213	1545.13	2002	1088	0.543	-0.88	-4.582	4.60018024359122e-06	0.000277560567910641	0.0103	0.0912	0.0258	0.0258	TRUE	0.1411
FBtr0309099	364	109	147	156	59	78	188	163	207	80	81	97	135.99	186	86	0.459	-1.123	-4.582	4.60222161085961e-06	0.000277560567910641	0.0032	0.122	0.0345	0.0345	TRUE	0.1084
FBtr0089921	734	225	298	391	154	158	379	337	420	200	212	196	290.57	379	203	0.534	-0.905	-4.56	5.12130689855137e-06	0.00030500583397685	0.0025	0.104	0.0244	0.0244	TRUE	0.097
FBtr0300599	1517	296	426	533	122	150	784	443	600	272	168	186	408.88	609	209	0.344	-1.541	-4.55	5.35755384416728e-06	0.00031709397876441	0.0702	0.0995	0.0792	0.0792	TRUE	0.1189
FBtr0082096	250	65	52	52	28	22	129	97	73	27	38	27	65.35	100	31	0.301	-1.731	-4.535	5.75330524775274e-06	0.000338330355287874	0.0503	0.1586	0.083	0.083	TRUE	0.1264
FBtr0329895	1199	480	475	804	262	299	620	719	669	411	360	371	524.88	669	381	0.571	-0.808	-4.515	6.32948869188501e-06	0.000359010105624835	0.0041	0.097	0.0209	0.0209	TRUE	0.0605
FBtr0330186	4343	1234	1068	1951	566	662	2244	1848	1504	997	778	821	1365.43	1865	865	0.464	-1.107	-4.487	7.21104476288858e-06	0.000406591985476718	0.0274	0.0916	0.043	0.043	TRUE	0.1207
FBtr0339643	9209	3698	3926	4619	616	929	4759	5538	5529	2361	847	1152	3364.23	5275	1453	0.276	-1.858	-4.471	7.77308774292259e-06	0.00043435500187685	0.1547	0.0896	0.124	0.124	TRUE	3.6272
FBtr0307057	348	183	272	85	62	73	180	274	383	43	85	91	176.02	279	73	0.26	-1.944	-4.444	8.84797253741198e-06	0.00048455362246551	0.136	0.1143	0.1288	0.1288	TRUE	0.1132
FBtr0100282	1184	361	304	526	192	175	612	541	428	269	264	217	388.4	527	250	0.474	-1.077	-4.435	9.20225423537583e-06	0.000501075889193693	0.0206	0.1001	0.0394	0.0394	TRUE	0.1905
FBtr0088550	11390	3632	4829	6176	2416	3026	5886	5439	6801	3157	3321	3753	4726.08	6042	3410	0.564	-0.825	-4.428	9.52257158975784e-06	0.000515571503856832	0.0103	0.0892	0.0248	0.0248	TRUE	0.1466
FBtr0340241	107	131	106	30	21	22	55	196	149	15	29	27	78.71	133	24	0.177	-2.502	-4.422	9.78355266939035e-06	0.000526708889189947	0.236	0.1467	0.2048	0.2048	TRUE	0.1864
FBtr0306917	38996	16464	20467	16882	8751	10132	20151	24655	28823	8628	12029	12567	17809.2	24543	11075	0.451	-1.148	-4.408	1.04112305883874e-05	0.000554238079758344	0.0341	0.0885	0.0488	0.0488	TRUE	0.164
FBtr0077560	490	176	260	285	80	98	253	264	366	146	110	122	210.02	294	126	0.431	-1.214	-4.396	1.10146774605449e-05	0.000583104786230735	0.0278	0.1101	0.049	0.049	TRUE	0.494
FBtr0330612	740	260	270	447	171	180	382	389	380	228	235	223	306.46	384	229	0.596	-0.746	-4.385	1.16187466299242e-05	0.000608324377123886	0	0.1032	0.0172	0.0172	TRUE	0.0052
FBtr0085715	1476	453	568	874	241	319	763	678	800	447	331	396	569.11	747	391	0.525	-0.929	-4.381	1.18309798857457e-05	0.000612703300713427	0.0115	0.0963	0.0303	0.0303	TRUE	0.199
FBtr0335520	124	79	48	43	17	22	64	118	68	22	23	27	53.77	83	24	0.291	-1.78	-4.334	1.46220525449221e-05	0.00073333441421349	0.0598	0.1738	0.0941	0.0941	TRUE	1.1144
FBtr0336620	266	68	68	89	20	35	137	102	96	45	27	43	75.24	112	38	0.35	-1.516	-4.323	1.54263573003812e-05	0.000769621773378703	0.0353	0.1493	0.0709	0.0709	TRUE	0.4722
FBtr0079084	236	100	88	124	45	43	122	150	124	63	62	53	95.7	132	59	0.456	-1.134	-4.313	1.61237622638635e-05	0.000796079433224637	0	0.1363	0.0373	0.0373	TRUE	0.1277
FBtr0073531	292	104	163	143	60	52	151	156	230	73	82	64	126.04	179	73	0.412	-1.281	-4.254	2.10128224079356e-05	0.00100618685791567	0.0292	0.1247	0.0553	0.0553	TRUE	0.6236
FBtr0342809	560	229	202	342	119	130	289	343	284	175	164	161	236.07	305	167	0.548	-0.869	-4.249	2.14361228179052e-05	0.00102132407165909	0	0.1077	0.0253	0.0253	TRUE	0.1195
FBtr0113452	506	151	125	200	79	79	261	226	176	102	109	98	162.07	221	103	0.463	-1.112	-4.244	2.19884069258311e-05	0.00104242552037933	0.0179	0.1166	0.0421	0.0421	TRUE	0.1588
FBtr0330390	693	218	356	391	108	104	358	326	501	200	148	129	277.2	395	159	0.405	-1.303	-4.236	2.27589501528615e-05	0.00106832530052521	0.0453	0.1048	0.0636	0.0636	TRUE	0.6118
FBtr0332502	783	184	229	305	101	142	405	276	322	156	139	176	245.59	334	157	0.468	-1.096	-4.232	2.3137115834339e-05	0.00108075282737949	0.0226	0.1069	0.0434	0.0434	TRUE	0.2379
FBtr0084054	62	18	20	9	3	7	32	27	28	5	4	9	17.43	29	6	0.192	-2.378	-4.231	2.33162982363228e-05	0.00108380978484839	0	0.3522	0.125	0.125	TRUE	0.3109
FBtr0073527	656	144	117	129	67	70	339	216	165	66	92	87	160.71	240	82	0.336	-1.572	-4.229	2.34969063132295e-05	0.00108690301096488	0.0799	0.1168	0.0909	0.0909	TRUE	0.3256
FBtr0308627	539	298	216	111	96	98	279	446	304	57	132	122	223.21	343	104	0.299	-1.741	-4.217	2.47393897640094e-05	0.00112257926219641	0.1198	0.1088	0.1162	0.1162	TRUE	1.8029
FBtr0075354	188	52	56	67	26	29	97	78	79	34	36	36	59.97	85	35	0.412	-1.279	-4.215	2.49553957710679e-05	0.00112701405830571	0	0.1649	0.046	0.046	TRUE	0.1977
FBtr0088996	1160	386	538	275	193	237	599	578	758	141	265	294	439.16	645	233	0.36	-1.474	-4.207	2.58520322403963e-05	0.00115654467238843	0.0796	0.0987	0.0854	0.0854	TRUE	1.4555
FBtr0310625	187	58	70	70	25	39	97	87	99	36	34	48	66.76	94	39	0.416	-1.264	-4.202	2.64240212234499e-05	0.00117234450821	0	0.1571	0.0468	0.0468	TRUE	0.2417
FBtr0308629	257	151	91	73	42	51	133	226	128	37	58	63	107.56	162	53	0.322	-1.635	-4.185	2.85506034604427e-05	0.00125953102025259	0.0813	0.131	0.0967	0.0967	TRUE	1.1566
FBtr0079648	763	90	244	167	62	42	394	135	344	85	85	52	182.56	291	74	0.255	-1.971	-4.16	3.18821746804715e-05	0.0014000241591254	0.174	0.1134	0.1529	0.1529	TRUE	0.6815
FBtr0075389	3626	1283	1805	2040	882	930	1874	1921	2542	1043	1212	1154	1624.27	2112	1136	0.538	-0.895	-4.154	3.27310178531415e-05	0.00143070582166324	0.0174	0.091	0.0327	0.0327	TRUE	0.3805
FBtr0073378	5807	1538	2033	3170	915	1224	3001	2303	2863	1620	1258	1518	2093.87	2722	1465	0.538	-0.893	-4.141	3.46222620511011e-05	0.00150594805048358	0.0166	0.0904	0.033	0.033	TRUE	0.2184
FBtr0071105	10202	2923	2920	4973	1907	1507	5272	4377	4112	2542	2621	1869	3465.62	4587	2344	0.511	-0.969	-4.121	3.76494427112492e-05	0.00159449573153553	0.0238	0.0895	0.0395	0.0395	TRUE	0.3786
FBtr0304997	1484	851	625	466	327	309	767	1274	880	238	450	383	665.4	974	357	0.366	-1.451	-4.123	3.73414356385993e-05	0.00159449573153553	0.0804	0.0951	0.0872	0.0872	TRUE	0.7182
FBtr0088447	303	129	137	190	64	60	157	193	193	97	88	74	133.7	181	86	0.484	-1.046	-4.084	4.4209033522965e-05	0.00184766614228216	0.0111	0.1226	0.0384	0.0384	TRUE	0.1727
FBtr0082627	6185	1899	2355	4023	1465	1642	3196	2844	3317	2056	2014	2037	2577.19	3119	2036	0.653	-0.616	-4.08	4.50248819620441e-05	0.00186540043572312	0.0025	0.09	0.016	0.016	TRUE	0.0713
FBtr0087960	2757	825	820	885	493	565	1425	1235	1155	452	678	701	940.96	1272	610	0.479	-1.063	-4.081	4.48957910288081e-05	0.00186540043572312	0.0327	0.0931	0.0476	0.0476	TRUE	0.6291
FBtr0309828	1663	834	700	379	305	353	859	1249	986	194	419	438	690.82	1031	350	0.339	-1.562	-4.078	4.542880379958e-05	0.00186992798363152	0.1078	0.0949	0.1037	0.1037	TRUE	1.119
FBtr0086975	8764	3239	4056	4820	2218	2448	4529	4850	5712	2464	3049	3036	3940.03	5030	2850	0.566	-0.82	-4.059	4.93377971605984e-05	0.00201776767872679	0.0139	0.0894	0.0291	0.0291	TRUE	0.1726
FBtr0084447	406	129	105	92	6	41	210	193	148	47	8	51	109.5	184	35	0.195	-2.359	-4.046	5.20090150211367e-05	0.00210891023036771	0.3063	0.1302	0.2276	0.2276	TRUE	2.6338
FBtr0088549	2270	208	201	230	91	85	1173	311	283	118	125	105	352.61	589	116	0.196	-2.347	-4.038	5.39029748532579e-05	0.0021672634910409	0.3212	0.1013	0.2381	0.2381	TRUE	9.0087
FBtr0308633	264	148	110	87	48	63	136	222	155	44	66	78	116.93	171	63	0.365	-1.455	-4.017	5.88825028422723e-05	0.00234766263424273	0.0639	0.1276	0.083	0.083	TRUE	0.7111
FBtr0345142	7839	1845	1901	3318	892	769	4051	2763	2677	1696	1226	954	2227.79	3164	1292	0.409	-1.291	-4.006	6.16489333924245e-05	0.00241814864803058	0.071	0.0903	0.0743	0.0743	TRUE	0.911
FBtr0336904	406	91	125	156	25	27	210	136	176	80	34	33	111.62	174	49	0.288	-1.795	-3.994	6.49748876306897e-05	0.00253748239439689	0.1335	0.1294	0.1322	0.1322	TRUE	0.7887
FBtr0076218	295	83	120	113	45	20	152	124	169	58	62	25	98.36	148	48	0.326	-1.618	-3.993	6.53758613124416e-05	0.00254272074467859	0.0855	0.135	0.104	0.104	TRUE	1.1359
FBtr0085382	56	23	17	15	5	4	29	34	24	8	7	5	17.8	29	7	0.23	-2.121	-3.968	7.25326107059676e-05	0.00278694857829502	0	0.3466	0.116	0.116	TRUE	0.0876
FBtr0077080	2620	834	1017	1739	647	715	1354	1249	1432	889	889	887	1116.69	1345	888	0.66	-0.599	-3.953	7.72988968134789e-05	0.00295815738046442	0.0012	0.0923	0.0155	0.0155	TRUE	0.0453
FBtr0305667	535	211	211	310	116	152	276	316	297	158	159	189	232.67	296	169	0.569	-0.813	-3.948	7.87525934223778e-05	0.00298977475187983	0.0031	0.108	0.0256	0.0256	TRUE	0.1045
FBtr0310035	137	46	33	38	17	20	71	69	46	19	23	25	42.29	62	22	0.355	-1.493	-3.931	8.4601686116057e-05	0.0031864405810273	0	0.197	0.0731	0.0731	TRUE	0.3561
FBtr0070777	47920	16572	18424	24393	10861	13792	24763	24817	25946	12467	14930	17107	20005.07	25175	14835	0.589	-0.763	-3.922	8.77148338052065e-05	0.00329068760366068	0.0125	0.0884	0.0272	0.0272	TRUE	0.2389
FBtr0301414	1251	449	513	689	321	341	646	672	722	352	441	423	542.94	680	405	0.594	-0.751	-3.906	9.39604288165267e-05	0.00348384796183923	0.0071	0.0967	0.0245	0.0245	TRUE	0.1658
FBtr0089517	1075	417	476	746	246	314	556	624	670	381	338	389	493.21	617	369	0.601	-0.734	-3.897	9.74985779852721e-05	0.00360102306054906	0.0056	0.0975	0.0233	0.0233	TRUE	0.0948
FBtr0290025	385	94	133	174	64	70	199	141	187	89	88	87	131.79	176	88	0.498	-1.006	-3.893	9.91403289294697e-05	0.00364752198598037	0.0114	0.1231	0.0393	0.0393	TRUE	0.2919
FBtr0305056	4490	1177	1290	2368	633	832	2320	1763	1817	1210	870	1032	1501.99	1967	1037	0.528	-0.922	-3.885	0.000102129442156692	0.00374304405504275	0.0246	0.0913	0.0398	0.0398	TRUE	0.3033
FBtr0071048	1054	346	294	590	191	214	545	518	414	302	263	265	384.4	492	277	0.562	-0.831	-3.854	0.000116003958839421	0.00421909054878184	0.0114	0.1002	0.0305	0.0305	TRUE	0.218
FBtr0088261	66	8	18	7	0	1	34	12	25	4	0	1	12.71	24	2	0.081	-3.622	-3.844	0.00012086328419572	0.00437911116007992	0.2982	0.4502	0.3749	0.3749	TRUE	0.4383
FBtr0073269	6532	1621	1471	2434	291	365	3375	2427	2072	1244	400	453	1661.88	2625	699	0.267	-1.907	-3.842	0.000121811951818458	0.00439676548817457	0.2256	0.091	0.1765	0.1765	TRUE	2.4368
FBtr0343424	515	149	145	257	56	60	266	223	204	131	77	74	162.7	231	94	0.412	-1.279	-3.816	0.000135788954051805	0.00482810799686437	0.0564	0.1165	0.0732	0.0732	TRUE	1.3335
FBtr0075806	100	30	32	29	16	11	52	45	45	15	22	14	32.02	47	17	0.347	-1.527	-3.812	0.00013787013658326	0.00488388301673562	0	0.2319	0.0747	0.0747	TRUE	0.2463
FBtr0084958	109	37	34	45	15	12	56	55	48	23	21	15	36.35	53	20	0.373	-1.425	-3.769	0.000163848856337679	0.00565694113058603	0	0.2147	0.0682	0.0682	TRUE	0.2265
FBtr0082039	75	122	191	10	23	18	39	183	269	5	32	22	91.58	164	20	0.118	-3.081	-3.763	0.000168203815575838	0.00574485361513319	0.6654	0.1384	0.4531	0.4531	TRUE	0.1238
FBtr0336477	316	136	147	216	59	75	163	204	207	110	81	93	143.08	191	95	0.503	-0.991	-3.763	0.000167792394922312	0.00574485361513319	0.0157	0.1204	0.0418	0.0418	TRUE	0.2409
FBtr0347364	122	65	76	75	24	20	63	97	107	38	33	25	60.59	89	32	0.368	-1.441	-3.742	0.000182641825350266	0.0061716097651159	0.052	0.1641	0.0851	0.0851	TRUE	0.7706
FBtr0080439	1724	626	683	1200	431	377	891	937	962	613	592	468	743.93	930	558	0.601	-0.735	-3.729	0.000192398437714338	0.00645550955274621	0.0086	0.0944	0.0265	0.0265	TRUE	0.2295
FBtr0088522	516	100	141	137	79	53	267	150	199	70	109	66	143.22	205	82	0.393	-1.348	-3.722	0.000197291074726649	0.00659644438972012	0.0701	0.1203	0.0855	0.0855	TRUE	0.1627
FBtr0308628	204	107	76	74	41	47	105	160	107	38	56	58	87.53	124	51	0.405	-1.303	-3.709	0.000208047018540691	0.00688361124886891	0.0467	0.1408	0.0744	0.0744	TRUE	0.5902
FBtr0079085	85	58	48	47	16	15	44	87	68	24	22	19	43.83	66	22	0.334	-1.583	-3.707	0.00020974877334834	0.00689205538357355	0.0615	0.1932	0.1	0.1	TRUE	0.1243
FBtr0330249	2140	790	746	1026	491	589	1106	1183	1051	524	675	731	878.23	1113	643	0.577	-0.794	-3.707	0.00020936988322763	0.00689205538357355	0.0152	0.0934	0.0318	0.0318	TRUE	0.3237
FBtr0345114	1562	383	336	632	220	225	807	574	473	323	302	279	459.74	618	301	0.487	-1.038	-3.696	0.000218659382042643	0.00713563442289161	0.0374	0.0982	0.0542	0.0542	TRUE	0.3714
FBtr0073487	3493	233	368	318	158	155	1805	349	518	163	217	192	540.69	891	191	0.214	-2.227	-3.676	0.000236480977782743	0.00763873639759918	0.3643	0.0967	0.2611	0.2611	TRUE	1.9872
FBtr0344703	1224	533	466	703	81	159	633	798	656	359	111	197	459.14	696	222	0.322	-1.636	-3.669	0.000243096205358982	0.00782589101643832	0.1638	0.0982	0.1401	0.1401	TRUE	1.9875
FBtr0074255	837	235	186	344	78	137	433	352	262	176	107	170	249.89	349	151	0.434	-1.205	-3.647	0.000265511572370352	0.00846173837162904	0.0598	0.1066	0.0737	0.0737	TRUE	0.1402
FBtr0332057	38016	10245	9444	16394	5243	3104	19645	15342	13300	8379	7207	3850	11287.19	16096	6479	0.403	-1.313	-3.644	0.000268851633715208	0.00853962405890739	0.0859	0.0886	0.0934	0.0934	TRUE	0.9226
FBtr0072828	4021	1289	1393	2538	929	1180	2078	1930	1962	1297	1277	1464	1667.96	1990	1346	0.676	-0.565	-3.638	0.000275108557561074	0.00869601367445745	0.0027	0.091	0.0167	0.0167	TRUE	0.0694
FBtr0290320	191	29	63	33	22	20	99	43	89	17	30	25	50.46	77	24	0.302	-1.726	-3.632	0.00028122796292694	0.00881635213009247	0.1113	0.1794	0.134	0.134	TRUE	0.8619
FBtr0076362	4282	1578	1627	3258	1172	1314	2213	2363	2291	1665	1611	1630	1962.2	2289	1635	0.715	-0.484	-3.624	0.000289899344498589	0.00902761716904267	0	0.0906	0.0123	0.0123	TRUE	0.0106
FBtr0071758	955	300	387	631	212	255	493	449	545	323	291	316	403	496	310	0.626	-0.675	-3.623	0.000291761875542958	0.00903376622663488	0.0028	0.0996	0.0223	0.0223	TRUE	0.0818
FBtr0308642	37	15	10	5	1	4	19	22	14	3	1	5	10.76	18	3	0.157	-2.67	-3.621	0.000293032140245323	0.00903376622663488	0	0.5158	0.2015	0.2015	TRUE	0.2472
FBtr0340289	270	77	91	113	56	51	140	115	128	58	77	63	96.83	128	66	0.509	-0.975	-3.621	0.000293087173126966	0.00903376622663488	0	0.1357	0.0402	0.0402	TRUE	0.163
FBtr0088521	304	101	159	147	26	67	157	151	224	75	36	83	121.04	177	65	0.368	-1.443	-3.618	0.000296471411485753	0.0090838459165522	0.0911	0.1262	0.1036	0.1036	TRUE	1.1466
FBtr0083600	342	123	146	176	81	91	177	184	206	90	111	113	146.78	189	105	0.551	-0.86	-3.617	0.000298070322949558	0.00910356444675107	0	0.1195	0.0329	0.0329	TRUE	0.1906
FBtr0300612	1690	449	442	877	275	269	873	672	622	448	378	334	554.68	722	387	0.535	-0.902	-3.615	0.000300729268376109	0.00914976526411956	0.0251	0.0965	0.0428	0.0428	TRUE	0.4062
FBtr0302568	193	73	50	80	28	37	100	109	70	41	38	46	67.46	93	42	0.447	-1.163	-3.611	0.000304793991457531	0.00919108210316081	0.0137	0.1564	0.0568	0.0568	TRUE	0.3772
FBtr0073296	341	129	127	213	57	85	176	193	179	109	78	105	140.15	183	97	0.539	-0.891	-3.596	0.000322976725064904	0.00960243598417396	0.0041	0.121	0.0361	0.0361	TRUE	0.2474
FBtr0089925	2698	743	796	1473	471	634	1394	1113	1121	753	647	786	969.09	1209	729	0.602	-0.731	-3.583	0.000340229318524645	0.0100372915672487	0.0121	0.093	0.0289	0.0289	TRUE	0.2201
FBtr0079658	5920	1808	1765	3451	994	1437	3059	2708	2486	1764	1366	1782	2194.16	2751	1637	0.595	-0.748	-3.567	0.000360554486442007	0.0105068003098039	0.0151	0.0903	0.0312	0.0312	TRUE	0.2498
FBtr0302695	2436	590	601	1083	172	176	1259	884	846	554	236	218	666.17	996	336	0.338	-1.563	-3.564	0.000364997209885033	0.0105868309146385	0.1582	0.0951	0.1365	0.1365	TRUE	3.7962
FBtr0303454	1033	363	308	635	197	177	534	544	434	325	271	220	387.68	504	272	0.541	-0.886	-3.541	0.000398165744077419	0.0114280764316678	0.0233	0.1001	0.0421	0.0421	TRUE	0.353
FBtr0330263	892	222	103	105	82	85	461	332	145	54	113	105	201.71	313	91	0.287	-1.8	-3.516	0.000438706774156353	0.0125538644172249	0.2207	0.111	0.1815	0.1815	TRUE	0.1297
FBtr0072364	432	522	279	103	112	109	223	782	393	53	154	135	289.94	466	114	0.244	-2.037	-3.515	0.000440028156771705	0.0125539769637053	0.3167	0.1041	0.2363	0.2363	TRUE	0.2469
FBtr0079321	3086	1021	1313	1476	729	882	1595	1529	1849	754	1002	1094	1303.88	1658	950	0.572	-0.805	-3.46	0.000539903070407615	0.0149556289474249	0.0211	0.0917	0.0381	0.0381	TRUE	0.3997
FBtr0084863	404	129	152	245	97	89	209	193	214	125	133	110	164.16	205	123	0.599	-0.741	-3.456	0.000549119033121095	0.0150360783523302	0	0.1162	0.0263	0.0263	TRUE	0.0711
FBtr0085375	913	382	322	616	212	260	472	572	453	315	291	322	404.35	499	309	0.622	-0.686	-3.451	0.000558106021775711	0.0152383732994291	0.0063	0.0996	0.0257	0.0257	TRUE	0.181
FBtr0335406	37	35	15	13	5	4	19	52	21	7	7	5	18.52	31	6	0.204	-2.29	-3.435	0.000591723740086189	0.0159934905439662	0.1682	0.3366	0.2232	0.2232	TRUE	2.0215
FBtr0308638	289	163	100	169	50	30	149	244	141	86	69	37	121.1	178	64	0.364	-1.456	-3.414	0.000640653844588681	0.0170969073808151	0.1167	0.1262	0.1201	0.1201	TRUE	1.0916
FBtr0332120	2753	790	694	1501	484	494	1423	1183	977	767	665	613	938.04	1194	682	0.571	-0.809	-3.413	0.00064232268258283	0.0170969073808151	0.0223	0.0931	0.0393	0.0393	TRUE	0.1421
FBtr0331591	300	75	67	100	42	50	155	112	94	51	58	62	88.76	120	57	0.465	-1.105	-3.409	0.000652230527392528	0.0172641797097872	0.0338	0.14	0.0623	0.0623	TRUE	0.4221
FBtr0334306	5146	1687	1591	3197	1151	1442	2659	2526	2241	1634	1582	1789	2071.82	2475	1668	0.674	-0.57	-3.409	0.000651189924439218	0.0172641797097872	0.0051	0.0904	0.0196	0.0196	TRUE	0.0829
FBtr0081254	13980	4627	4843	8223	3682	4028	7224	6929	6820	4203	5061	4996	5872.33	6991	4753	0.68	-0.557	-3.407	0.000655953663371212	0.0172681496632012	0.0052	0.089	0.0191	0.0191	TRUE	0.1263
FBtr0301559	2653	762	734	1390	547	621	1371	1141	1034	710	752	770	963.06	1182	744	0.628	-0.67	-3.407	0.000657817014140207	0.0172681496632012	0.0108	0.093	0.0267	0.0267	TRUE	0.2412
FBtr0336759	1328	446	496	372	252	324	686	668	699	190	346	402	498.51	684	313	0.455	-1.135	-3.407	0.000656011628633058	0.0172681496632012	0.0692	0.0974	0.0775	0.0775	TRUE	1.4272
FBtr0306233	892	243	292	415	191	212	461	364	411	212	263	263	328.95	412	246	0.593	-0.755	-3.404	0.000665220836224796	0.0174145311768848	0.0124	0.1022	0.032	0.032	TRUE	0.1799
FBtr0113061	644	334	293	411	161	205	333	500	413	210	221	254	321.87	415	228	0.551	-0.859	-3.393	0.000690496172399895	0.017954001517598	0.0238	0.1025	0.0425	0.0425	TRUE	0.125
FBtr0303445	71	22	20	26	6	7	37	33	28	13	8	9	21.34	33	10	0.32	-1.643	-3.391	0.000695248878160735	0.017954001517598	0	0.3038	0.1066	0.1066	TRUE	0.5043
FBtr0310624	96	37	35	47	15	18	50	55	49	24	21	22	36.88	51	22	0.44	-1.184	-3.392	0.000694784097982462	0.017954001517598	0	0.2129	0.0557	0.0557	TRUE	0.0421
FBtr0339194	59	18	19	13	5	10	30	27	27	7	7	12	18.35	28	9	0.297	-1.752	-3.372	0.000744893603502556	0.0189788533362991	0	0.3388	0.1178	0.1178	TRUE	0.3547
FBtr0076729	1656	538	560	1073	436	447	856	806	789	548	599	554	692.04	817	567	0.693	-0.528	-3.371	0.000749348334112817	0.0190414407353628	0	0.0949	0.0161	0.0161	TRUE	0.0273
FBtr0086272	555	158	146	260	106	76	287	237	206	133	146	94	183.65	243	124	0.51	-0.971	-3.367	0.000759016899234818	0.0191506179920658	0.0304	0.1133	0.0535	0.0535	TRUE	0.3332
FBtr0344431	1378	379	481	849	309	327	712	568	677	434	425	406	536.89	652	422	0.645	-0.632	-3.363	0.000771399024987764	0.0192930743021218	0.006	0.0968	0.0234	0.0234	TRUE	0.147
FBtr0330019	55	9	9	7	2	2	28	13	13	4	3	2	10.56	18	3	0.162	-2.624	-3.355	0.000794192800434778	0.019773185907539	0	0.5237	0.2552	0.2552	TRUE	1.8353
FBtr0084963	1745	760	466	958	222	378	902	1138	656	490	305	469	659.96	899	421	0.469	-1.091	-3.35	0.000807394751085521	0.0200355848518071	0.0621	0.0952	0.0745	0.0745	TRUE	0.1067
FBtr0340273	775	287	215	419	158	188	400	430	303	214	217	233	299.6	378	221	0.585	-0.773	-3.34	0.000838008654803227	0.020741258367844	0.0138	0.1036	0.0347	0.0347	TRUE	0.3271
FBtr0300877	484	136	114	165	92	57	250	204	161	84	126	71	149.3	205	94	0.454	-1.139	-3.323	0.000890513723648859	0.0218703744140463	0.0575	0.119	0.0764	0.0764	TRUE	0.2434
FBtr0077972	611	107	130	165	53	94	316	160	183	84	73	117	155.47	220	91	0.412	-1.278	-3.317	0.000910086759692144	0.0221795824376124	0.0923	0.1178	0.0987	0.0987	TRUE	1.7184
FBtr0332746	1784	721	792	742	481	473	922	1080	1115	379	661	587	790.68	1039	542	0.521	-0.941	-3.299	0.000970319559985335	0.0234674494596453	0.0439	0.094	0.0571	0.0571	TRUE	0.8464
FBtr0300853	67	50	14	17	8	9	35	75	20	9	11	11	26.68	43	10	0.237	-2.075	-3.286	0.00101548680996804	0.0242159007561404	0.2068	0.2606	0.2251	0.2251	TRUE	0.312
FBtr0075173	1050	355	245	412	184	228	543	532	345	211	253	283	360.93	473	249	0.524	-0.933	-3.275	0.00105687284492679	0.0249899288816561	0.0388	0.101	0.0552	0.0552	TRUE	0.6317
FBtr0302693	237	553	182	102	88	63	122	828	256	52	121	78	243.03	402	84	0.208	-2.267	-3.274	0.00106097021726836	0.0250032552330766	0.4879	0.1071	0.338	0.338	TRUE	0.6805
FBtr0302322	194	183	185	35	55	51	100	274	261	18	76	63	131.93	212	52	0.245	-2.032	-3.268	0.00108284432121377	0.0254148362976502	0.3534	0.1231	0.2658	0.2658	TRUE	3.4502
FBtr0310034	336	87	78	156	29	32	174	130	110	80	40	40	95.51	138	53	0.391	-1.356	-3.258	0.00112277244782715	0.0262227908219237	0.0993	0.1364	0.1114	0.1114	TRUE	1.0593
FBtr0088337	68	34	63	12	16	13	35	51	89	6	22	16	36.5	58	15	0.245	-2.028	-3.233	0.0012234869378778	0.0282290727143765	0.2517	0.2142	0.2382	0.2382	TRUE	0.3985
FBtr0079042	482	113	150	259	69	63	249	169	211	132	95	78	155.82	210	102	0.488	-1.035	-3.193	0.00140632130639658	0.0320594156187871	0.0481	0.1177	0.0681	0.0681	TRUE	0.2994
FBtr0343268	92	41	65	50	19	24	48	61	92	26	26	30	46.99	67	27	0.41	-1.288	-3.18	0.00147486130081604	0.0331461163572547	0.0528	0.1861	0.0913	0.0913	TRUE	0.2918
FBtr0113220	476	217	255	330	132	152	246	325	359	169	181	189	244.78	310	180	0.581	-0.784	-3.173	0.00150655394371522	0.0337787118344995	0.0191	0.107	0.0393	0.0393	TRUE	0.4069
FBtr0307027	134	48	56	73	31	28	69	72	79	37	43	35	55.77	73	38	0.521	-0.94	-3.156	0.00159700896240526	0.035503650978532	0	0.1707	0.0435	0.0435	TRUE	0.054
FBtr0082686	511	165	191	341	113	144	264	247	269	174	155	179	214.73	260	169	0.652	-0.616	-3.149	0.00163943598012584	0.0363306638479515	0	0.1096	0.0225	0.0225	TRUE	0.0491
FBtr0113425	107	48	27	36	21	14	55	72	38	18	29	17	38.3	55	21	0.385	-1.376	-3.135	0.00172076618702083	0.0379564374910219	0.05	0.2083	0.1052	0.1052	TRUE	0.0939
FBtr0071813	25751	8015	8489	18219	6316	7514	13307	12003	11955	9312	8682	9320	10763.1	12422	9105	0.733	-0.448	-3.126	0.00177364489224703	0.0390324761621755	0.0026	0.0886	0.0147	0.0147	TRUE	0.0477
FBtr0079664	8918	3346	3313	6509	2520	2975	4608	5011	4666	3327	3464	3690	4127.62	4762	3494	0.734	-0.447	-3.12	0.00180712031417569	0.0394955263160095	0.0021	0.0893	0.0145	0.0145	TRUE	0.0294
FBtr0074301	5827	2301	2654	3080	1612	1853	3011	3446	3738	1574	2216	2298	2713.84	3398	2029	0.597	-0.744	-3.106	0.00189501944672555	0.0409470301765255	0.0243	0.0899	0.041	0.041	TRUE	0.4726
FBtr0071993	66	19	34	26	4	13	34	28	48	13	5	16	24.23	37	11	0.324	-1.627	-3.088	0.00201781695798954	0.0434035616087637	0.0424	0.2781	0.1437	0.1437	TRUE	0.451
FBtr0070207	363	101	114	185	61	91	188	151	161	95	84	113	131.78	167	97	0.58	-0.786	-3.086	0.00203031076738461	0.0435739443747928	0.0088	0.1231	0.0382	0.0382	TRUE	0.1716
FBtr0079667	2811	468	456	890	291	305	1453	701	642	455	400	378	671.47	932	411	0.441	-1.182	-3.084	0.00203973342866518	0.0436349343689091	0.1082	0.0951	0.104	0.104	TRUE	2.8956
FBtr0071346	245	54	40	64	12	34	127	81	56	33	16	42	59.2	88	30	0.345	-1.533	-3.077	0.00209114986979281	0.0445784499088493	0.1503	0.1659	0.156	0.156	TRUE	0.2191
FBtr0086516	3106	1016	979	1955	796	888	1605	1521	1379	999	1094	1101	1283.35	1502	1065	0.708	-0.498	-3.06	0.00221585603378194	0.0467788871974299	0.0039	0.0918	0.0182	0.0182	TRUE	0.0613
FBtr0089409	179	72	74	117	44	35	92	108	104	60	60	43	78.04	101	54	0.544	-0.879	-3.059	0.00221891667680117	0.0467788871974299	0	0.1472	0.045	0.045	TRUE	0.2299
FBtr0300976	107	8	19	17	4	4	55	12	27	9	5	5	18.86	31	6	0.206	-2.281	-3.059	0.00221725670886153	0.0467788871974299	0.2946	0.3321	0.3079	0.3079	TRUE	0.182
FBtr0088457	519	126	123	222	83	100	268	189	173	113	114	124	163.62	210	117	0.553	-0.854	-3.048	0.00230468987537154	0.0484798892327051	0.0273	0.1163	0.0496	0.0496	TRUE	0.7046
FBtr0303097	547	134	164	199	91	129	283	201	231	102	125	160	183.52	238	129	0.536	-0.9	-3.044	0.00233582064786554	0.0487046716707017	0.0357	0.1133	0.0567	0.0567	TRUE	0.3689
FBtr0072436	993	333	352	636	263	299	513	499	496	325	362	371	427.5	503	353	0.699	-0.517	-3.036	0.00239506909401302	0.0497224692741831	0	0.099	0.0183	0.0183	TRUE	0.0592
