Id	Ctrl1	Ctrl3	Ctrl4	RNAi1	RNAi3	RNAi4	norm.Ctrl1	norm.Ctrl3	norm.Ctrl4	norm.RNAi1	norm.RNAi3	norm.RNAi4	baseMean	Untreated	RNAi	FoldChange	log2FoldChange	stat	pvalue	padj	dispGeneEst	dispFit	dispMAP	dispersion	betaConv	maxCooks
FBtr0112994	60	23	60	8888	5003	5276	31	34	84	4543	6877	6544	3019.02	50	5988	121.579	6.926	15.697	1.57834102958414e-55	7.52000583545362e-52	0.1545	0.0897	0.1289	0.1289	TRUE	2.5946
FBtr0305073	191	92	67	1608	583	696	99	138	94	822	801	863	469.57	110	829	7.579	2.922	12.54	4.53118379027483e-36	8.63553006750578e-33	0.0036	0.098	0.0335	0.0335	TRUE	0.4032
FBtr0073426	549	268	262	4784	2222	2631	284	401	369	2445	3054	3263	1636.16	351	2921	8.345	3.061	12.524	5.49798276311943e-36	8.73171295829417e-33	0.0232	0.091	0.0413	0.0413	TRUE	0.3513
FBtr0342810	333	94	91	4643	1449	1090	172	141	128	2373	1992	1352	1026.32	147	1906	12.903	3.69	12.114	8.87170294213119e-34	1.20769224765097e-30	0.0514	0.0927	0.0628	0.0628	TRUE	0.1125
FBtr0087258	963	265	242	5327	2285	2110	498	397	341	2723	3141	2617	1619.36	412	2827	6.838	2.774	11.963	5.54646477982729e-33	6.60653286087179e-30	0.0213	0.0911	0.0372	0.0372	TRUE	0.4079
FBtr0081619	132	39	60	945	390	515	68	58	84	483	536	639	311.5	70	553	7.854	2.974	11.391	4.63267570833896e-30	4.90497409164021e-27	0.0168	0.103	0.0404	0.0404	TRUE	0.1733
FBtr0342814	677	213	248	2927	1632	1739	350	319	349	1496	2243	2157	1152.41	339	1965	5.783	2.532	10.368	3.45515434049808e-25	2.19494438070708e-22	0.0258	0.0922	0.041	0.041	TRUE	0.5357
FBtr0088136	74	21	49	1084	309	399	38	31	69	554	425	495	268.73	46	491	10.747	3.426	9.775	1.43725163289458e-22	8.05621812344259e-20	0.0564	0.1053	0.0755	0.0755	TRUE	0.6759
FBtr0076772	948	252	301	3104	1006	1183	490	377	424	1586	1383	1467	954.64	430	1479	3.425	1.776	9.062	1.28337021040004e-19	6.43643933415895e-17	0.0088	0.093	0.026	0.026	TRUE	0.1813
FBtr0077831	71	19	27	331	152	154	37	28	38	169	209	191	112.05	34	190	5.438	2.443	8.638	5.69831571206627e-18	2.71496252101397e-15	0	0.1293	0.0398	0.0398	TRUE	0.104
FBtr0113386	19	6	5	229	84	71	10	9	7	117	115	88	57.74	9	107	12.075	3.594	8.63	6.11601643804473e-18	2.77521526848229e-15	0	0.1679	0.0638	0.0638	TRUE	0.2183
FBtr0342607	29	16	15	265	92	116	15	24	21	135	126	144	77.64	20	135	7.067	2.821	8.324	8.49113085246143e-17	3.2364794357242e-14	0	0.1475	0.052	0.052	TRUE	0.5164
FBtr0076454	1477	468	652	4493	1668	2060	763	701	918	2296	2293	2555	1587.79	794	2381	3	1.585	8.213	2.15803706310054e-16	7.61627228677225e-14	0.0107	0.0911	0.0259	0.0259	TRUE	0.215
FBtr0085155	990	343	432	2901	1315	1530	512	514	608	1483	1808	1898	1136.96	545	1730	3.177	1.668	8.173	3.00836408433671e-16	1.02381076284445e-13	0.0125	0.0923	0.0287	0.0287	TRUE	0.1917
FBtr0340240	529	102	102	5508	1146	1066	273	153	144	2815	1575	1322	1047.08	190	1904	9.977	3.319	7.856	3.96911054790265e-15	1.18192670034264e-12	0.1422	0.0926	0.1254	0.1254	TRUE	0.7251
FBtr0332963	149	58	53	556	175	195	77	87	75	284	241	242	167.52	80	256	3.237	1.695	7.316	2.55733430155284e-13	5.51900372265403e-11	0	0.1157	0.0299	0.0299	TRUE	0.1183
FBtr0077236	353	100	83	1070	360	407	182	150	117	547	495	505	332.61	150	516	3.414	1.772	7.092	1.31729559253625e-12	2.67074674495275e-10	0.0189	0.102	0.0403	0.0403	TRUE	0.4435
FBtr0333073	435	138	126	1256	447	416	225	207	177	642	614	516	396.88	203	591	2.901	1.536	7.061	1.65199742151868e-12	3.27955904784407e-10	0.0108	0.0998	0.0305	0.0305	TRUE	0.1418
FBtr0346714	149	13	13	1173	451	515	77	19	18	600	620	639	328.84	38	620	15.661	3.969	7.022	2.1947917667738e-12	4.26819811134441e-10	0.2984	0.1022	0.2153	0.2153	TRUE	7.2334
FBtr0075699	733	89	205	3655	1245	1463	379	133	289	1868	1711	1815	1032.49	267	1798	6.706	2.746	6.892	5.48203699607711e-12	1.02428099089449e-09	0.122	0.0927	0.1119	0.1119	TRUE	2.0332
FBtr0071004	32	11	14	166	60	92	17	16	20	85	82	114	55.69	18	94	5.37	2.425	6.645	3.02829520446126e-11	5.34381944505765e-09	0	0.1708	0.0607	0.0607	TRUE	0.3195
FBtr0302833	567	211	177	1275	557	591	293	316	249	652	766	733	501.44	286	717	2.501	1.323	6.618	3.64342947241288e-11	6.19968561475399e-09	0.0067	0.0974	0.0261	0.0261	TRUE	0.1304
FBtr0332847	18	3	9	150	43	63	9	4	13	77	59	78	40.06	9	71	7.987	2.998	6.576	4.84158916738691e-11	7.95439709931550e-09	0.0046	0.203	0.0858	0.0858	TRUE	0.2904
FBtr0303709	27	6	10	148	77	56	14	9	14	76	106	69	48	12	84	6.588	2.72	6.487	8.77583946011038e-11	1.35343226896284e-08	0	0.1841	0.0796	0.0796	TRUE	0.4468
FBtr0305679	536	170	220	1168	487	521	277	255	310	597	669	646	459	281	637	2.271	1.183	6.374	1.8380182760182e-10	2.73663689877773e-08	0.0027	0.0982	0.022	0.022	TRUE	0.0848
FBtr0346711	1061	386	337	2614	835	934	548	578	475	1336	1148	1159	873.88	534	1214	2.276	1.187	6.349	2.1705294357644e-10	3.18199615283061e-08	0.0067	0.0935	0.0237	0.0237	TRUE	0.1041
FBtr0088506	1527	499	609	3057	1309	1541	789	747	858	1562	1799	1911	1277.87	798	1757	2.201	1.138	6.327	2.50115916066552e-10	3.61114327908814e-08	0.0071	0.0918	0.0223	0.0223	TRUE	0.1167
FBtr0306087	263	43	48	827	322	372	136	64	68	423	443	461	265.77	89	442	4.862	2.281	6.255	3.97228327086055e-10	5.48578076638119e-08	0.0802	0.1055	0.0885	0.0885	TRUE	2.307
FBtr0080892	451	135	163	913	374	393	233	202	230	467	514	487	355.5	222	489	2.199	1.137	6.201	5.60348011871982e-10	7.52050169736355e-08	0	0.1012	0.0207	0.0207	TRUE	0.0579
FBtr0077920	866	342	401	2084	814	893	448	512	565	1065	1119	1108	802.69	508	1097	2.165	1.114	6.165	7.05293532086824e-10	9.33436398229909e-08	0.0054	0.0939	0.022	0.022	TRUE	0.138
FBtr0076453	609	183	208	1523	430	594	315	274	293	778	591	737	497.99	294	702	2.387	1.255	5.944	2.78867445353308e-09	3.49648406154167e-07	0.0115	0.0974	0.0295	0.0295	TRUE	0.2202
FBtr0110925	63	26	37	851	125	165	33	39	52	435	172	205	155.84	41	271	6.655	2.734	5.866	4.47185703133318e-09	5.4631186732787e-07	0.1488	0.1177	0.1411	0.1411	TRUE	1.6198
FBtr0301964	145	145	135	1290	1126	1369	75	217	190	659	1548	1698	731.24	161	1302	8.138	3.025	5.799	6.67082882089781e-09	7.9457909792919e-07	0.2497	0.0945	0.1921	0.1921	TRUE	1.2516
FBtr0076885	666	223	237	1222	467	506	344	334	334	625	642	628	484.34	337	632	1.869	0.903	5.79	7.04991193437555e-09	8.1925135149591e-07	0	0.0977	0.0151	0.0151	TRUE	0.0041
FBtr0087820	37	11	19	165	63	62	19	16	27	84	87	77	51.7	21	83	4.019	2.007	5.78	7.47513718689212e-09	8.47983122070179e-07	0	0.1772	0.0554	0.0554	TRUE	0.2331
FBtr0072506	837	509	535	4188	1428	1689	433	762	753	2140	1963	2095	1357.78	649	2066	3.19	1.674	5.764	8.23678234915173e-09	9.13689109560829e-07	0.0479	0.0916	0.0596	0.0596	TRUE	1.0469
FBtr0299564	168	72	72	441	194	235	87	108	101	225	267	291	179.93	99	261	2.661	1.412	5.763	8.2461185247383e-09	9.13689109560829e-07	0.0121	0.1138	0.0357	0.0357	TRUE	0.1784
FBtr0300017	19401	7626	6844	40618	23429	24499	10025	11420	9638	20760	32206	30388	19073.01	10361	27785	2.682	1.423	5.721	1.05976662250388e-08	1.1475586529363e-06	0.0285	0.0885	0.0445	0.0445	TRUE	0.5993
FBtr0089716	480	209	170	1139	606	571	248	313	239	582	833	708	487.31	267	708	2.654	1.408	5.642	1.67934094363565e-08	1.75850987383561e-06	0.0232	0.0976	0.042	0.042	TRUE	0.091
FBtr0088663	20102	6412	6907	37030	21575	20189	10388	9602	9727	18926	29658	25042	17223.77	9906	24542	2.477	1.309	5.542	2.99420493949059e-08	3.00334514404272e-06	0.0249	0.0885	0.0401	0.0401	TRUE	0.1341
FBtr0076935	78	26	23	202	84	95	40	39	32	103	115	118	74.7	37	112	2.972	1.571	5.512	3.54344185284069e-08	3.51723514747073e-06	0	0.1498	0.04	0.04	TRUE	0.0726
FBtr0077008	1615	457	668	3446	1355	1338	835	684	941	1761	1863	1660	1290.53	820	1761	2.147	1.102	5.424	5.81316486153204e-08	5.65241305770804e-06	0.0127	0.0918	0.0288	0.0288	TRUE	0.2389
FBtr0082069	41	21	6	240	67	134	21	31	8	123	92	166	73.68	20	127	6.239	2.641	5.355	8.57041235268946e-08	8.00661365772332e-06	0.1396	0.1506	0.1445	0.1445	TRUE	0.272
FBtr0345429	105	37	35	244	111	116	54	55	49	125	153	144	96.69	53	141	2.629	1.395	5.333	9.65042071071538e-08	8.84219797619296e-06	0	0.1358	0.0356	0.0356	TRUE	0.1179
FBtr0113020	57	20	18	186	68	64	29	30	25	95	93	79	58.78	28	89	3.153	1.657	5.323	1.02027391154665e-07	9.25922866964572e-06	0	0.1665	0.0457	0.0457	TRUE	0.0826
FBtr0299837	7634	2943	2209	20229	6711	6234	3945	4407	3111	10339	9225	7733	6459.96	3821	9099	2.381	1.252	5.296	1.18124973417845e-07	1.05197464644733e-05	0.0248	0.0889	0.0401	0.0401	TRUE	0.2121
FBtr0302188	1455	442	474	2337	891	1006	752	662	668	1194	1225	1248	958.06	694	1222	1.758	0.814	5.181	2.2128105333657e-07	1.84963785723174e-05	0.002	0.093	0.0165	0.0165	TRUE	0.0675
FBtr0078136	149	45	54	315	124	158	77	67	76	161	170	196	124.64	73	176	2.373	1.247	5.136	2.80926380073655e-07	2.32778041367118e-05	0	0.1251	0.0323	0.0323	TRUE	0.1042
FBtr0347201	611	306	276	1857	573	687	316	458	389	949	788	852	625.26	388	863	2.238	1.162	4.994	5.90493431006017e-07	4.65025777194738e-05	0.0185	0.0956	0.0369	0.0369	TRUE	0.3264
FBtr0344873	2	4	3	58	29	42	1	6	4	30	40	52	22.14	4	41	12.644	3.66	4.976	6.49850222847188e-07	5.07575637173021e-05	0.1408	0.296	0.2182	0.2182	TRUE	0.6907
FBtr0346713	1301	231	408	2480	1826	1911	672	346	575	1268	2510	2370	1290.13	531	2049	3.852	1.946	4.963	6.94266373526489e-07	5.33521312365638e-05	0.1179	0.0918	0.1094	0.1094	TRUE	1.3603
FBtr0072767	258	62	94	503	294	366	133	93	132	257	404	454	245.63	119	372	3.088	1.627	4.919	8.72043120709408e-07	6.54306999782673e-05	0.0589	0.1069	0.0728	0.0728	TRUE	0.4501
FBtr0333852	148	61	37	336	319	351	76	91	52	172	439	435	210.92	73	349	4.739	2.245	4.905	9.35338528026289e-07	6.90917894074613e-05	0.1582	0.11	0.1418	0.1418	TRUE	2.3643
FBtr0347200	644	135	153	1700	428	555	333	202	215	869	588	688	482.67	250	715	2.846	1.509	4.847	1.25613185214253e-06	8.99975971358356e-05	0.057	0.0977	0.0669	0.0669	TRUE	0.4777
FBtr0072649	5466	1910	1907	8612	3049	3642	2825	2860	2686	4402	4191	4517	3580.12	2790	4370	1.566	0.647	4.798	1.59881756029098e-06	0.00010960527001448	8e-04	0.0895	0.0128	0.0128	TRUE	0.0154
FBtr0082452	11104	3101	3028	22013	6461	7663	5738	4644	4264	11251	8881	9505	7380.59	4882	9879	2.023	1.017	4.669	3.02148142825198e-06	0.000195861881155191	0.0198	0.0888	0.034	0.034	TRUE	0.2883
FBtr0330145	382	160	167	818	673	829	197	240	235	418	925	1028	507.28	224	790	3.528	1.819	4.65	3.31927243709026e-06	0.000212277497000222	0.1116	0.0973	0.1071	0.1071	TRUE	1.0118
FBtr0333013	212	74	88	895	224	187	110	111	124	457	308	232	223.6	115	332	2.911	1.542	4.615	3.9387031340312e-06	0.0002456463863758	0.0604	0.1088	0.074	0.074	TRUE	0.2313
FBtr0300815	22	5	14	158	46	35	11	7	20	81	63	43	37.66	13	62	4.948	2.307	4.586	4.51317331378233e-06	0.00027567966991687	0.0836	0.2104	0.1324	0.1324	TRUE	0.1717
FBtr0110921	55	31	23	251	115	67	28	46	32	128	158	83	79.45	35	123	3.503	1.809	4.564	5.00885383149013e-06	0.0003001847054105	0.0685	0.1461	0.0934	0.0934	TRUE	0.1349
FBtr0300649	98	34	56	295	166	122	51	51	79	151	228	151	118.45	60	177	2.953	1.562	4.534	5.78736991414875e-06	0.000338330355287874	0.0514	0.127	0.0734	0.0734	TRUE	0.6527
FBtr0334846	78	24	20	209	60	80	40	36	28	107	82	99	65.49	35	96	2.731	1.45	4.532	5.85249938939388e-06	0.000340051626106916	0	0.1585	0.0534	0.0534	TRUE	0.2065
FBtr0335180	2159	730	694	3384	1547	1452	1116	1093	977	1730	2127	1801	1473.89	1062	1886	1.773	0.827	4.53	5.90203405233946e-06	0.000340851408998441	0.0076	0.0913	0.0232	0.0232	TRUE	0.1495
FBtr0075541	171	33	35	606	138	142	88	49	49	310	190	176	143.77	62	225	3.565	1.834	4.528	5.96017665064583e-06	0.000342135682554242	0.1032	0.1202	0.1071	0.1071	TRUE	1.4169
FBtr0081348	864	274	282	1378	490	594	446	410	397	704	674	737	561.43	418	705	1.682	0.751	4.524	6.07033365125769e-06	0.000346372511154698	0.0012	0.0964	0.0178	0.0178	TRUE	0.0453
FBtr0077604	1471	484	480	2280	824	930	760	725	676	1165	1133	1154	935.41	720	1151	1.595	0.674	4.471	7.79459600387673e-06	0.00043435500187685	7e-04	0.0931	0.0151	0.0151	TRUE	0.0337
FBtr0345339	60	15	12	184	61	53	31	22	17	94	84	66	52.33	23	81	3.363	1.75	4.463	8.08341276093172e-06	0.000447830466272781	0.0359	0.1761	0.0824	0.0824	TRUE	0.5604
FBtr0083294	985	354	374	1584	605	733	509	530	527	810	832	909	686.04	522	850	1.629	0.704	4.454	8.43446513307567e-06	0.000464578140191203	0	0.0949	0.0163	0.0163	TRUE	0.0434
FBtr0086506	43	24	19	376	81	56	22	36	27	192	111	69	76.32	28	124	4.487	2.166	4.412	1.02422581793926e-05	0.000548306057255238	0.1506	0.1485	0.1498	0.1498	TRUE	0.1871
FBtr0340135	1615	961	897	4838	1976	2538	835	1439	1263	2473	2716	3148	1978.99	1179	2779	2.36	1.239	4.386	1.15595735169468e-05	0.000608324377123886	0.0415	0.0905	0.0568	0.0568	TRUE	0.8007
FBtr0344560	129	81	99	452	394	534	67	121	139	231	542	662	293.73	109	478	4.404	2.139	4.381	1.17918989967432e-05	0.000612703300713427	0.1989	0.1039	0.1654	0.1654	TRUE	0.2957
FBtr0112807	227	75	63	507	153	171	117	112	89	259	210	212	166.65	106	227	2.136	1.095	4.373	1.22746312158201e-05	0.000632243031651621	0.012	0.1158	0.0378	0.0378	TRUE	0.1839
FBtr0074745	234	106	121	537	281	306	121	159	170	274	386	380	248.39	150	347	2.321	1.215	4.37	1.24195777467232e-05	0.000636269657787769	0.0312	0.1067	0.0504	0.0504	TRUE	0.4069
FBtr0300889	355	266	129	1344	638	701	183	398	182	687	877	870	532.82	254	811	3.197	1.677	4.341	1.41937208698781e-05	0.000723272546358655	0.1085	0.0968	0.1047	0.1047	TRUE	2.5949
FBtr0082018	475	156	186	953	301	336	245	234	262	487	414	417	343.1	247	439	1.783	0.834	4.335	1.45542389359116e-05	0.00073333441421349	0.0046	0.1016	0.0233	0.0233	TRUE	0.1129
FBtr0112879	133	48	52	1176	139	163	69	72	73	601	191	202	201.36	71	331	4.67	2.223	4.335	1.45855690756995e-05	0.00073333441421349	0.2174	0.1111	0.1801	0.1801	TRUE	5.9838
FBtr0085105	76	18	29	186	70	68	39	27	41	95	96	84	63.78	36	92	2.543	1.347	4.319	1.57018913362574e-05	0.000779288138245816	0	0.1603	0.0498	0.0498	TRUE	0.229
FBtr0336667	58	23	6	340	58	104	30	34	8	174	80	129	75.89	24	128	5.216	2.383	4.302	1.69270709994016e-05	0.000831433296666484	0.2282	0.1488	0.1945	0.1945	TRUE	0.1937
FBtr0076791	97	30	31	199	88	80	50	45	44	102	121	99	76.77	46	107	2.29	1.196	4.291	1.78176051093222e-05	0.000870686969675546	0	0.1481	0.0398	0.0398	TRUE	0.1075
FBtr0086676	952	259	324	1559	533	680	492	388	456	797	733	843	618.17	445	791	1.771	0.825	4.259	2.05518215360273e-05	0.000999175037840837	0.0069	0.0957	0.0251	0.0251	TRUE	0.1413
FBtr0076545	545	271	246	1174	854	825	282	406	346	600	1174	1023	638.53	345	932	2.708	1.437	4.256	2.07806776079747e-05	0.00100517297932178	0.0736	0.0954	0.0799	0.0799	TRUE	0.4276
FBtr0088832	1854	612	751	2984	1109	1240	958	916	1058	1525	1524	1538	1253.3	977	1529	1.565	0.646	4.255	2.08974161587223e-05	0.00100571453826497	6e-04	0.0919	0.0157	0.0157	TRUE	0.0594
FBtr0305063	511	200	144	1295	430	366	264	300	203	662	591	454	412.22	256	569	2.229	1.157	4.24	2.23329954936553e-05	0.00105352036662892	0.0313	0.0994	0.0505	0.0505	TRUE	0.2548
FBtr0074418	378	146	170	702	365	437	195	219	239	359	502	542	342.66	218	468	2.147	1.102	4.227	2.36835061479304e-05	0.00109024217431705	0.0275	0.1016	0.0453	0.0453	TRUE	0.5087
FBtr0071246	149	35	38	544	103	130	77	52	54	278	142	161	127.3	61	194	3.157	1.658	4.224	2.39724427800213e-05	0.00109298280981255	0.0884	0.1243	0.0994	0.0994	TRUE	1.6638
FBtr0086675	343	114	133	673	215	337	177	171	187	344	296	418	265.46	178	353	1.976	0.983	4.225	2.38577750925337e-05	0.00109298280981255	0.0129	0.1055	0.0344	0.0344	TRUE	0.1853
FBtr0302863	112	35	56	1197	153	125	58	52	79	612	210	155	194.38	63	326	5.189	2.376	4.211	2.53951155447605e-05	0.00114146252842464	0.2807	0.1119	0.2188	0.2188	TRUE	1.7948
FBtr0290026	108	41	32	242	78	111	56	61	45	124	107	138	88.48	54	123	2.269	1.182	4.202	2.6451261335413e-05	0.00117234450821	0	0.1402	0.043	0.043	TRUE	0.1351
FBtr0086774	1534	468	620	2406	1052	1263	793	701	873	1230	1446	1567	1101.52	789	1414	1.791	0.841	4.14	3.47684511602883e-05	0.00150594805048358	0.0118	0.0924	0.0286	0.0286	TRUE	0.1604
FBtr0304990	128	30	14	762	108	127	66	45	20	389	148	158	137.71	44	232	5.261	2.395	4.134	3.57048465253754e-05	0.0015395089707706	0.2953	0.1216	0.2271	0.2271	TRUE	4.011
FBtr0301851	1447	466	475	2104	1214	1344	748	698	669	1075	1669	1667	1087.62	705	1470	2.083	1.059	4.122	3.7577041553622e-05	0.00159449573153553	0.0318	0.0924	0.0464	0.0464	TRUE	0.6774
FBtr0342808	118	93	80	694	241	196	61	139	113	355	331	243	207	104	310	3.008	1.589	4.122	3.75955443573614e-05	0.00159449573153553	0.095	0.1104	0.1	0.1	TRUE	1.5526
FBtr0113066	327	100	133	747	212	249	169	150	187	382	291	309	248.02	169	327	1.947	0.961	4.098	4.1724891160412e-05	0.00175927649498923	0.0131	0.1068	0.0348	0.0348	TRUE	0.2582
FBtr0086568	70	24	30	154	66	78	36	36	42	79	91	97	63.42	38	89	2.326	1.218	4.094	4.24108661720639e-05	0.00178032221917884	0	0.1607	0.0441	0.0441	TRUE	0.1183
FBtr0100353	707	196	236	1024	463	517	365	294	332	523	636	641	465.39	330	600	1.808	0.854	4.077	4.55266336659159e-05	0.00186992798363152	0.0109	0.0981	0.0291	0.0291	TRUE	0.156
FBtr0084927	27	8	6	112	23	39	14	12	8	57	32	48	28.6	11	46	3.924	1.972	4.053	5.05563116142823e-05	0.00205876535629272	0	0.249	0.1151	0.1151	TRUE	0.1775
FBtr0113384	15	5	5	42	32	46	8	7	7	21	44	57	24.13	7	41	5.383	2.428	4.04	5.33476424181133e-05	0.00215402408729746	0	0.2788	0.1773	0.1773	TRUE	0.1635
FBtr0087618	10531	3915	2626	19159	7935	7660	5442	5863	3698	9792	10908	9501	7534.01	5001	10067	2.013	1.009	4.031	5.54703954107962e-05	0.00222091343642638	0.0288	0.0888	0.045	0.045	TRUE	0.6306
FBtr0081228	118	38	46	239	86	136	61	57	65	122	118	169	98.62	61	136	2.232	1.158	4.014	5.979427442577e-05	0.00236423087553179	0.0158	0.1349	0.0473	0.0473	TRUE	0.4175
FBtr0084868	88	14	41	189	133	157	45	21	58	97	183	195	99.72	41	158	3.779	1.918	4.014	5.96025242530342e-05	0.00236423087553179	0.1559	0.1343	0.1479	0.1479	TRUE	1.3517
FBtr0087207	140	35	61	282	111	147	72	52	86	144	153	182	114.95	70	160	2.261	1.177	4.006	6.16654550814809e-05	0.00241814864803058	0.0158	0.1282	0.0512	0.0512	TRUE	0.3427
FBtr0081544	277	73	127	535	225	257	143	109	179	273	309	319	222.14	144	300	2.085	1.06	3.985	6.73526350466026e-05	0.00260895633885803	0.0196	0.1089	0.0454	0.0454	TRUE	0.3915
FBtr0077310	399	135	184	713	347	453	206	202	259	364	477	562	345.13	222	468	2.101	1.071	3.975	7.04356903962987e-05	0.00271733479265721	0.031	0.1015	0.0487	0.0487	TRUE	0.1549
FBtr0072557	4386	1355	1484	6711	2265	2512	2266	2029	2090	3430	3114	3116	2674.15	2128	3220	1.512	0.597	3.951	7.78722068165963e-05	0.00296817703502138	0.0027	0.0899	0.016	0.016	TRUE	0.0402
FBtr0080382	13	6	4	62	31	18	7	9	6	32	43	22	19.66	7	32	4.57	2.192	3.938	8.22485152422858e-05	0.00311010357834818	0	0.3222	0.1342	0.1342	TRUE	0.0778
FBtr0081620	70	31	20	179	80	62	36	46	28	91	110	77	64.85	37	93	2.519	1.333	3.916	8.99021847143168e-05	0.00335952124761853	0.0136	0.1591	0.0633	0.0633	TRUE	0.1606
FBtr0075492	2397	751	910	3500	1401	1772	1239	1125	1282	1789	1926	2198	1592.92	1215	1971	1.621	0.697	3.912	9.14810386203654e-05	0.00340516725395884	0.0068	0.0911	0.0221	0.0221	TRUE	0.1225
FBtr0073425	40	5	15	170	60	33	21	7	21	87	82	41	43.26	16	70	4.181	2.064	3.861	0.000113019261458382	0.0041262856032066	0.1478	0.1945	0.1663	0.1663	TRUE	1.1032
FBtr0089512	409	100	114	840	258	243	211	150	161	429	355	301	267.84	174	362	2.071	1.05	3.839	0.000123639635503831	0.00444589466685286	0.0301	0.1054	0.0493	0.0493	TRUE	0.229
FBtr0303819	7	5	2	70	16	16	4	7	3	36	22	20	15.26	5	26	5.949	2.573	3.832	0.000126885262508476	0.00454544987384689	0.0771	0.3897	0.1897	0.1897	TRUE	0.9774
FBtr0088266	534	102	101	1309	322	353	276	153	142	669	443	438	353.41	190	517	2.699	1.432	3.828	0.000128962510254891	0.00460256089969609	0.0949	0.1012	0.0969	0.0969	TRUE	1.8098
FBtr0080846	556	177	169	1083	294	389	287	265	238	554	404	483	371.76	263	480	1.822	0.865	3.807	0.000140906428427073	0.00497295317215399	0.015	0.1006	0.0341	0.0341	TRUE	0.1243
FBtr0081258	2348	726	862	3228	1401	1549	1213	1087	1214	1650	1926	1921	1501.92	1171	1832	1.562	0.644	3.8	0.000144687311589656	0.00508754757246433	0.0053	0.0913	0.0199	0.0199	TRUE	0.0938
FBtr0100508	13	9	5	56	28	28	7	13	7	29	38	35	21.51	9	34	3.889	1.959	3.787	0.000152703642498323	0.00534968018149456	0	0.302	0.1181	0.1181	TRUE	0.3757
FBtr0082057	27	16	9	76	52	51	14	24	13	39	71	63	37.36	17	58	3.466	1.793	3.784	0.000154190089879163	0.00538196837530601	0.0754	0.2113	0.1204	0.1204	TRUE	0.5466
FBtr0080358	198	59	69	384	113	153	102	88	97	196	155	190	138.2	96	180	1.878	0.909	3.778	0.000157922130871345	0.00547214540026562	0	0.1215	0.0333	0.0333	TRUE	0.1456
FBtr0114584	40	21	19	185	64	40	21	31	27	95	88	50	51.84	26	78	3.02	1.595	3.779	0.000157683522146032	0.00547214540026562	0.066	0.177	0.1008	0.1008	TRUE	0.8397
FBtr0112808	267	231	207	1255	657	527	138	346	292	641	903	654	495.61	259	733	2.848	1.51	3.768	0.000164736401380479	0.00566705115073856	0.1202	0.0975	0.1128	0.1128	TRUE	1.9997
FBtr0072670	319	135	182	1052	289	306	165	202	256	538	397	380	322.97	208	438	2.124	1.087	3.754	0.000173979122272171	0.00592088234332684	0.0387	0.1025	0.0565	0.0565	TRUE	0.4776
FBtr0073424	42	19	12	103	78	49	22	28	17	53	107	61	47.95	22	74	3.274	1.711	3.75	0.000177010372914999	0.00600260442529189	0.0872	0.1841	0.1186	0.1186	TRUE	1.3216
FBtr0078509	2321	844	818	3501	1340	1349	1199	1264	1152	1789	1842	1673	1486.65	1205	1768	1.468	0.553	3.74	0.000184253554454666	0.00620407109681452	0.0012	0.0913	0.015	0.015	TRUE	0.0262
FBtr0086697	520	163	247	952	369	486	269	244	348	487	507	603	409.55	287	532	1.856	0.892	3.719	0.000200167835209234	0.00664666310672584	0.0188	0.0994	0.0385	0.0385	TRUE	0.3653
FBtr0087232	1805	667	760	2758	1172	1357	933	999	1070	1410	1611	1683	1284.29	1001	1568	1.567	0.648	3.719	0.000200188090212018	0.00664666310672584	0.0062	0.0918	0.021	0.021	TRUE	0.0965
FBtr0086474	76	18	17	177	47	68	39	27	24	90	65	84	54.93	30	80	2.593	1.375	3.704	0.000212528315581017	0.00695938941296052	0.0311	0.172	0.0755	0.0755	TRUE	0.7037
FBtr0301413	838	420	413	1753	738	882	433	629	582	896	1014	1094	774.68	548	1001	1.832	0.874	3.688	0.000226020073256467	0.00735066647802347	0.0224	0.0941	0.0389	0.0389	TRUE	0.416
FBtr0077088	495	164	199	835	288	328	256	246	280	427	396	407	335.19	261	410	1.576	0.656	3.687	0.000227016139438558	0.00735794827452386	0	0.1019	0.0195	0.0195	TRUE	0.0439
FBtr0114614	187	44	112	1053	187	206	97	66	158	538	257	256	228.5	107	350	3.293	1.719	3.653	0.000259371153157024	0.00832170948967434	0.1773	0.1083	0.1529	0.1529	TRUE	2.6161
FBtr0083122	707	270	221	1080	679	590	365	404	311	552	933	732	549.68	360	739	2.048	1.034	3.649	0.000263274733802982	0.00841860717586784	0.0386	0.0966	0.0556	0.0556	TRUE	0.1188
FBtr0331664	29	29	32	194	81	104	15	43	45	99	111	129	73.83	34	113	3.379	1.756	3.637	0.000275600391403731	0.00869601367445745	0.1451	0.1505	0.1469	0.1469	TRUE	2.4606
FBtr0083555	20	11	8	66	26	44	10	16	11	34	36	55	27.02	12	42	3.328	1.735	3.631	0.000282067212306636	0.00881635213009247	0	0.2585	0.1095	0.1095	TRUE	0.5372
FBtr0089033	576	230	262	1026	402	430	298	344	369	524	553	533	436.9	337	537	1.599	0.677	3.631	0.000282189883479715	0.00881635213009247	0.0043	0.0987	0.0224	0.0224	TRUE	0.1338
FBtr0076808	1109	486	609	2226	1041	1204	573	728	858	1138	1431	1493	1036.77	720	1354	1.884	0.914	3.621	0.000293888921214903	0.00903376622663488	0.0278	0.0926	0.0447	0.0447	TRUE	0.3904
FBtr0345005	330	146	147	586	302	342	171	219	207	300	415	424	289.17	199	380	1.913	0.936	3.614	0.000301503441382469	0.00914976526411956	0.0252	0.1041	0.0441	0.0441	TRUE	0.4189
FBtr0304005	290	48	51	840	196	171	150	72	72	429	269	212	200.74	98	303	3.075	1.621	3.612	0.000304095846244414	0.00919108210316081	0.1515	0.1111	0.1377	0.1377	TRUE	0.6482
FBtr0071762	1290	482	585	2082	926	1005	667	722	824	1064	1273	1247	965.98	738	1195	1.621	0.697	3.608	0.000308097433468405	0.00926138941173636	0.0096	0.093	0.0257	0.0257	TRUE	0.1228
FBtr0344967	34	13	12	102	35	32	18	19	17	52	48	40	32.31	18	47	2.624	1.392	3.605	0.000312225718482499	0.00935597129377273	0	0.2306	0.0675	0.0675	TRUE	0.1219
FBtr0334654	13	7	18	83	102	44	7	10	25	42	140	55	46.63	14	79	5.714	2.514	3.601	0.000316938703436861	0.00946742603463903	0.3767	0.1869	0.3047	0.3047	TRUE	1.6655
FBtr0110876	130	22	18	471	91	86	67	33	25	241	125	107	99.66	42	158	3.703	1.889	3.596	0.000323473811619251	0.00960243598417396	0.2095	0.1344	0.1825	0.1825	TRUE	1.9753
FBtr0273224	145	124	125	690	316	308	75	186	176	353	434	382	267.62	146	390	2.7	1.433	3.591	0.000329271841692458	0.00974419683070631	0.1115	0.1054	0.1095	0.1095	TRUE	2.1403
FBtr0340190	559	225	441	1641	762	1045	289	337	621	839	1047	1296	738.21	416	1061	2.556	1.354	3.581	0.000341896540914057	0.0100553461060804	0.1043	0.0944	0.1012	0.1012	TRUE	0.5544
FBtr0070239	756	161	205	1083	467	468	391	241	289	554	642	580	449.41	307	592	1.917	0.939	3.57	0.000356552134073516	0.0104220407533329	0.0302	0.0984	0.0471	0.0471	TRUE	0.6906
FBtr0085899	1158	172	320	2080	787	782	598	258	451	1063	1082	970	736.92	436	1038	2.376	1.249	3.571	0.000355715530866859	0.0104220407533329	0.0827	0.0945	0.0863	0.0863	TRUE	0.7379
FBtr0088816	100	33	43	181	83	109	52	49	61	93	114	135	83.91	54	114	2.106	1.074	3.564	0.000365522863985315	0.0105868309146385	0.0184	0.143	0.0509	0.0509	TRUE	0.1203
FBtr0073135	53	21	25	198	42	60	27	31	35	101	58	74	54.57	31	78	2.541	1.345	3.556	0.000375961301462176	0.0108561673988881	0.0417	0.1725	0.0792	0.0792	TRUE	0.1985
FBtr0113246	69	19	34	618	44	109	36	28	48	316	60	135	103.92	37	170	4.595	2.2	3.555	0.000378608299273373	0.0108995724585377	0.3317	0.1325	0.258	0.258	TRUE	0.2602
FBtr0088137	2481	1322	1427	5964	2436	2706	1282	1980	2010	3048	3349	3356	2504.11	1757	3251	1.852	0.889	3.511	0.000447200218789967	0.0127205101040286	0.0283	0.09	0.0457	0.0457	TRUE	0.687
FBtr0343016	81	54	70	605	142	122	42	81	99	309	195	151	146.17	74	218	3.009	1.59	3.503	0.000459252015983911	0.0130244418461628	0.1477	0.1197	0.1383	0.1383	TRUE	0.4137
FBtr0083552	328	108	89	466	315	265	169	162	125	238	433	329	242.74	152	333	2.176	1.122	3.499	0.000466687181322412	0.0131960301211314	0.054	0.1072	0.0688	0.0688	TRUE	0.1186
FBtr0085786	602	256	238	1384	375	457	311	383	335	707	515	567	469.89	343	596	1.746	0.804	3.497	0.000470426054186359	0.0132623960661	0.0178	0.098	0.0356	0.0356	TRUE	0.3224
FBtr0332709	31	10	6	77	26	36	16	15	8	39	36	45	26.53	13	40	2.946	1.559	3.495	0.000473550328176097	0.0133110946229794	0	0.2616	0.0921	0.0921	TRUE	0.2873
FBtr0086053	63	26	35	368	96	51	33	39	49	188	132	63	84.02	40	128	3.218	1.686	3.493	0.000476929494369922	0.0133666504466206	0.1535	0.143	0.15	0.15	TRUE	0.1043
FBtr0334862	88	31	23	224	52	82	45	46	32	114	71	102	68.66	41	96	2.316	1.212	3.473	0.000514411192115667	0.0143748511720534	0.0317	0.1552	0.0694	0.0694	TRUE	0.3311
FBtr0078078	678	257	259	1169	507	416	350	385	365	597	697	516	485.06	367	603	1.647	0.72	3.469	0.000522695428753672	0.0145636395923794	0.0103	0.0977	0.0287	0.0287	TRUE	0.1512
FBtr0088073	1978	756	769	2835	1257	1414	1022	1132	1083	1449	1728	1754	1361.34	1079	1644	1.523	0.607	3.462	0.000536569862546461	0.0149066303796071	0.0066	0.0916	0.0213	0.0213	TRUE	0.1326
FBtr0308823	42	7	9	91	35	36	22	10	13	47	48	45	30.69	15	47	2.932	1.552	3.458	0.000543581652882453	0.0150138828125127	0.0194	0.2381	0.1007	0.1007	TRUE	1.1763
FBtr0077721	831	263	263	1150	478	474	429	394	370	588	657	588	504.4	398	611	1.53	0.613	3.457	0.000546277968652872	0.0150360783523302	0.0031	0.0973	0.0204	0.0204	TRUE	0.0608
FBtr0089485	1199	346	278	2634	715	677	620	518	392	1346	983	840	783.01	510	1056	2.07	1.05	3.456	0.000548630440693663	0.0150360783523302	0.0535	0.0941	0.0649	0.0649	TRUE	0.422
FBtr0337016	30	8	8	113	48	19	16	12	11	58	66	24	31.01	13	49	3.738	1.902	3.445	0.000571685149035204	0.0155645365290185	0.1334	0.2366	0.1685	0.1685	TRUE	0.7142
FBtr0330170	17	9	10	42	48	56	9	13	14	21	66	69	32.21	12	52	4.371	2.128	3.444	0.000573941139941133	0.0155814390954389	0.2129	0.231	0.2193	0.2193	TRUE	2.7992
FBtr0114627	668	232	243	935	439	444	345	347	342	478	603	551	444.48	345	544	1.573	0.654	3.435	0.000592475827686018	0.0159934905439662	0.0062	0.0986	0.0235	0.0235	TRUE	0.1411
FBtr0086994	110	29	25	405	93	62	57	43	35	207	128	77	91.2	45	137	3.026	1.597	3.429	0.000606322843013265	0.0162952973288518	0.1412	0.1386	0.1404	0.1404	TRUE	0.1563
FBtr0310668	97	27	32	150	88	85	50	40	45	77	121	105	73.11	45	101	2.192	1.132	3.428	0.000607076351321481	0.0162952973288518	0.0288	0.1511	0.0616	0.0616	TRUE	0.2853
FBtr0331425	71	43	31	163	100	112	37	64	44	83	137	139	84.07	48	120	2.507	1.326	3.414	0.000639678569045066	0.0170969073808151	0.0705	0.1429	0.0927	0.0927	TRUE	0.8353
FBtr0331308	25	13	13	124	25	37	13	19	18	63	34	46	32.39	17	48	2.958	1.565	3.395	0.000685194260160029	0.0178882633015477	0.0568	0.2302	0.1101	0.1101	TRUE	0.1733
FBtr0088659	801	293	271	1315	464	462	414	439	382	672	638	573	519.55	412	628	1.527	0.611	3.393	0.000692277165004942	0.017954001517598	0.0036	0.0971	0.0212	0.0212	TRUE	0.0673
FBtr0302569	69	46	40	212	90	100	36	69	56	108	124	124	86.16	54	119	2.261	1.177	3.388	0.000704695583208056	0.0181487681415934	0.0419	0.1416	0.0721	0.0721	TRUE	1.001
FBtr0077136	271	74	78	589	152	164	140	111	110	301	209	203	179.02	120	238	1.974	0.981	3.385	0.000712437247746664	0.0182986914657088	0.0329	0.1139	0.0538	0.0538	TRUE	0.6473
FBtr0302905	66	23	16	238	55	46	34	34	23	122	76	57	57.56	30	85	2.799	1.485	3.383	0.000716653983816702	0.0183575156230896	0.0905	0.1681	0.115	0.115	TRUE	0.3649
FBtr0332710	35	13	7	110	22	70	18	19	10	56	30	87	36.78	16	58	3.621	1.857	3.376	0.000735015137661907	0.0187773706347997	0.1534	0.2133	0.175	0.175	TRUE	0.0897
FBtr0307015	11211	2487	2478	14912	6529	6561	5793	3724	3490	7622	8975	8138	6290.33	4336	8245	1.901	0.926	3.367	0.000759674005771947	0.0191506179920658	0.0459	0.0889	0.0544	0.0544	TRUE	1.0581
FBtr0335488	1079	462	371	2390	736	701	558	692	522	1222	1012	870	812.45	591	1035	1.754	0.811	3.367	0.000759177951748812	0.0191506179920658	0.0241	0.0939	0.0403	0.0403	TRUE	0.2013
FBtr0310669	111	32	36	172	82	88	57	48	51	88	113	109	77.63	52	103	1.951	0.964	3.365	0.000764549422516748	0.0192226687260213	0	0.1475	0.0439	0.0439	TRUE	0.2055
FBtr0310643	129	32	36	285	71	90	67	48	51	146	98	112	86.7	55	119	2.131	1.092	3.363	0.000770917074291707	0.0192930743021218	0.0315	0.1413	0.0619	0.0619	TRUE	0.4541
FBtr0332720	39	13	19	86	39	59	20	19	27	44	54	73	39.52	22	57	2.571	1.362	3.355	0.000794745534955132	0.019773185907539	0.0352	0.2046	0.0855	0.0855	TRUE	0.2614
FBtr0083160	327	143	154	772	288	231	169	214	217	395	396	287	279.5	200	359	1.806	0.853	3.329	0.000871996451755274	0.0215265652558964	0.0231	0.1047	0.0431	0.0431	TRUE	0.3464
FBtr0303750	485	164	155	2224	314	350	251	246	218	1137	432	434	452.83	238	668	2.807	1.489	3.325	0.000883197920900247	0.0217467519076446	0.1635	0.0984	0.1413	0.1413	TRUE	4.5531
FBtr0079789	3724	1469	1719	6720	2377	2504	1924	2200	2421	3435	3267	3106	2725.52	2182	3269	1.5	0.585	3.32	0.000901241691084937	0.0220737878991635	0.0072	0.0899	0.0219	0.0219	TRUE	0.1316
FBtr0308621	728	258	271	2046	404	557	376	386	382	1046	555	691	572.69	381	764	2.008	1.005	3.319	0.000903429245531932	0.0220737878991635	0.0509	0.0962	0.064	0.064	TRUE	0.4533
FBtr0332409	180	55	69	298	120	118	93	82	97	152	165	146	122.7	91	154	1.694	0.761	3.314	0.000920243307320269	0.0223698940700379	0	0.1257	0.0288	0.0288	TRUE	0.0498
FBtr0078919	53	18	18	354	54	36	27	27	25	181	74	45	63.25	26	100	3.792	1.923	3.313	0.000923781421102449	0.0223987612256622	0.246	0.1609	0.2168	0.2168	TRUE	0.5689
FBtr0071562	180	47	59	312	99	119	93	70	83	159	136	148	114.94	82	148	1.785	0.836	3.297	0.000978855036485532	0.0236139484624573	0	0.1282	0.0363	0.0363	TRUE	0.1596
FBtr0075558	1307	359	366	4941	776	801	675	538	515	2525	1067	994	1052.34	576	1529	2.653	1.408	3.293	0.00099174794458043	0.023864561019967	0.1497	0.0926	0.1304	0.1304	TRUE	3.9578
FBtr0087382	2404	837	830	3146	1273	1456	1242	1253	1169	1608	1750	1806	1471.4	1221	1721	1.408	0.494	3.289	0.00100520268718435	0.0241273964891175	0.0021	0.0913	0.0155	0.0155	TRUE	0.0412
FBtr0339974	143	26	32	397	108	73	74	39	45	203	148	91	99.97	53	147	2.766	1.468	3.288	0.00101021933526255	0.0241868845369771	0.1273	0.1342	0.1297	0.1297	TRUE	0.1057
FBtr0083950	172	50	61	256	115	124	89	75	86	131	158	154	115.4	83	148	1.753	0.81	3.286	0.00101651383171961	0.0242159007561404	0	0.1281	0.0338	0.0338	TRUE	0.1222
FBtr0332604	90	43	35	190	76	80	47	64	49	97	104	99	76.83	53	100	1.901	0.927	3.28	0.00103758234569597	0.0246561650177979	0	0.1481	0.0423	0.0423	TRUE	0.2171
FBtr0072795	288	148	155	577	306	378	149	222	218	295	421	469	295.52	196	395	2.018	1.013	3.276	0.00105201250553288	0.0249368834955792	0.05	0.1038	0.0647	0.0647	TRUE	0.4716
FBtr0305917	1599	428	558	3770	869	976	826	641	786	1927	1195	1211	1097.51	751	1444	1.923	0.944	3.273	0.00106268426586169	0.0250032552330766	0.0488	0.0924	0.0588	0.0588	TRUE	1.0433
FBtr0339672	71	25	24	136	47	72	37	37	34	70	65	89	55.23	36	75	2.061	1.043	3.267	0.00108845893205025	0.0254838456105818	0	0.1715	0.0519	0.0519	TRUE	0.2468
FBtr0308213	497	118	95	874	320	261	257	177	134	447	440	324	296.27	189	404	2.12	1.084	3.253	0.0011408469129633	0.0265797805223161	0.0634	0.1037	0.0758	0.0758	TRUE	1.1567
FBtr0335423	987	274	294	1240	577	589	510	410	414	634	793	731	581.98	445	719	1.609	0.686	3.24	0.00119469791014765	0.0277665277702365	0.013	0.0961	0.0304	0.0304	TRUE	0.2032
FBtr0084291	2785	755	835	5039	1398	1507	1439	1131	1176	2575	1922	1869	1685.35	1249	2122	1.699	0.765	3.237	0.00120666660755554	0.0279764625386782	0.0251	0.0909	0.0395	0.0395	TRUE	0.4273
FBtr0302594	17	8	9	24	60	77	9	12	13	12	82	96	37.28	11	63	5.716	2.515	3.235	0.00121556179039266	0.0281142919918728	0.4677	0.2116	0.3772	0.3772	TRUE	1.1004
FBtr0078079	13	9	9	102	28	18	7	13	13	52	38	22	24.3	11	37	3.645	1.866	3.231	0.00123532634675059	0.0284333931357158	0.1251	0.2775	0.176	0.176	TRUE	0.1165
FBtr0336451	8	3	4	21	20	29	4	4	6	11	27	36	14.74	5	25	5.196	2.377	3.213	0.00131326732572296	0.0301545164983472	0	0.4002	0.2614	0.2614	TRUE	0.2149
FBtr0346276	1109	288	308	2072	535	632	573	431	434	1059	735	784	669.41	479	859	1.791	0.841	3.21	0.00132640079952125	0.0303828683140337	0.0325	0.0951	0.0476	0.0476	TRUE	0.5027
FBtr0300248	82	32	23	175	61	58	42	48	32	89	84	72	61.32	41	82	2.003	1.002	3.197	0.00138647051823898	0.0316826800199022	0	0.1632	0.0515	0.0515	TRUE	0.1833
FBtr0081873	352	92	130	649	186	226	182	138	183	332	256	280	228.41	168	289	1.725	0.786	3.19	0.00142258322555853	0.0322757037055887	0.0157	0.1083	0.0387	0.0387	TRUE	0.2288
FBtr0085680	18	2	8	69	20	19	9	3	11	35	27	24	18.31	8	29	3.587	1.843	3.19	0.00142170879288524	0.0322757037055887	0.0301	0.3394	0.1584	0.1584	TRUE	0.4762
FBtr0072160	142	51	49	248	85	102	73	76	69	127	117	127	98.15	73	124	1.695	0.761	3.188	0.00143450087451187	0.0324687858271345	0	0.1351	0.0296	0.0296	TRUE	0.019
FBtr0343527	87	38	34	313	56	87	45	57	48	160	77	108	82.44	50	115	2.34	1.226	3.185	0.00144941927882136	0.032728711630068	0.0691	0.144	0.0913	0.0913	TRUE	0.2107
FBtr0336452	8	3	3	28	14	17	4	4	4	14	19	21	11.25	4	18	4.22	2.077	3.184	0.00145490178692454	0.0327748442732954	0	0.4972	0.1599	0.1599	TRUE	0.2984
FBtr0079290	3317	1010	1195	4222	1772	2162	1714	1513	1683	2158	2436	2682	2030.81	1637	2425	1.481	0.566	3.166	0.00154724282210836	0.0346095700748134	0.0073	0.0905	0.0225	0.0225	TRUE	0.1145
FBtr0100338	116	54	79	346	106	154	60	81	111	177	146	191	127.61	84	171	2.066	1.047	3.163	0.00156010017008689	0.0348154438425244	0.0461	0.1243	0.0693	0.0693	TRUE	0.6534
FBtr0343377	209	53	80	601	104	184	108	79	113	307	143	228	163.07	100	226	2.265	1.18	3.156	0.00159839083532272	0.035503650978532	0.0823	0.1164	0.0928	0.0928	TRUE	0.1046
FBtr0342816	170	103	91	435	195	177	88	154	128	222	268	220	180.03	123	237	1.937	0.954	3.136	0.00170985791243274	0.0378033318969179	0.0391	0.1138	0.0599	0.0599	TRUE	0.7738
FBtr0077198	4464	1488	1588	5667	2212	2463	2307	2228	2236	2896	3041	3055	2627.27	2257	2997	1.327	0.408	3.123	0.0017931834850964	0.0393715332476582	5e-04	0.09	0.0119	0.0119	TRUE	0.0108
FBtr0308594	295	46	31	354	237	263	152	69	44	181	326	326	182.99	88	278	3.099	1.632	3.12	0.00180590608991109	0.0394955263160095	0.233	0.1133	0.1889	0.1889	TRUE	4.3606
FBtr0075395	286	107	145	541	195	236	148	160	204	277	268	293	224.92	171	279	1.644	0.718	3.116	0.00183283051669948	0.0398745250996103	0.009	0.1087	0.0331	0.0331	TRUE	0.2943
FBtr0081890	1038	314	391	1586	517	610	536	470	551	811	711	757	639.2	519	760	1.463	0.549	3.117	0.00182933278502963	0.0398745250996103	0.0036	0.0954	0.0206	0.0206	TRUE	0.0744
FBtr0100482	2114	575	738	2719	1294	1237	1092	861	1039	1390	1779	1534	1282.6	997	1568	1.569	0.65	3.111	0.00186337403939569	0.0404466770419169	0.014	0.0918	0.0305	0.0305	TRUE	0.1676
FBtr0088052	206	50	19	560	139	136	106	75	27	286	191	169	142.34	69	215	3.076	1.621	3.11	0.00187366022646149	0.0405775188589808	0.2253	0.1205	0.1854	0.1854	TRUE	1.2164
FBtr0081257	23	1	11	84	27	27	12	1	15	43	37	33	23.74	9	38	3.831	1.938	3.105	0.00190030383984319	0.040968315135443	0.0809	0.282	0.2129	0.2129	TRUE	1.1146
FBtr0072994	135	82	70	504	112	160	70	123	99	258	154	198	150.19	97	203	2.127	1.089	3.084	0.00204231091704622	0.0436349343689091	0.0657	0.1188	0.0814	0.0814	TRUE	0.182
FBtr0080884	2005	588	763	2752	1048	1153	1036	881	1075	1407	1441	1430	1211.41	997	1426	1.429	0.515	3.066	0.00216817592177475	0.0461172954432848	0.0041	0.092	0.0194	0.0194	TRUE	0.1204
FBtr0334405	435	114	164	1420	254	281	225	171	231	726	349	349	341.66	209	475	2.276	1.186	3.063	0.00218775001995746	0.0464299998667587	0.1051	0.1017	0.1043	0.1043	TRUE	2.5731
FBtr0076797	75	27	22	255	55	49	39	40	31	130	76	61	62.81	37	89	2.441	1.288	3.046	0.00231725540050568	0.048636842976693	0.085	0.1614	0.1081	0.1081	TRUE	0.8097
FBtr0083273	845	247	192	2443	434	504	437	370	270	1249	597	625	591.22	359	824	2.294	1.198	3.045	0.00232542284026595	0.0487009983404268	0.1156	0.096	0.1093	0.1093	TRUE	2.468
FBtr0082522	136	67	95	360	139	358	70	100	134	184	191	444	187.25	101	273	2.702	1.434	3.044	0.0023355368245892	0.0487046716707017	0.1731	0.1128	0.1525	0.1525	TRUE	2.838
FBtr0340632	269	107	109	415	203	196	139	160	154	212	279	243	197.84	151	245	1.622	0.698	3.037	0.00238837000751676	0.0496916545887056	0.0098	0.1115	0.0322	0.0322	TRUE	0.1507
